1 2019-01-01 01:00:00 5.1 94 4.59 91
2 2019-01-01 02:00:00 4.2 95 3.78 92
3 2019-01-01 03:00:00 3.8 95 3.42 92
4 2019-01-01 04:00:00 3.5 96 3.15 93
5 2019-01-01 05:00:00 3.1 96 2.79 93
6 2019-01-01 06:00:00 2.8 97 2.52 94
7 2019-01-01 07:00:00 2.6 97 2.34 94
8 2019-01-01 08:00:00 2.4 97 2.16 94
9 2019-01-01 09:00:00 2.3 97 2.07 94
10 2019-01-01 10:00:00 2.2 96 1.98 93
11 2019-01-01 11:00:00 2 95 1.8 92
12 2019-01-01 12:00:00 1.6 95 1.44 92
13 2019-01-01 13:00:00 1.5 97 1.35 94
14 2019-01-01 14:00:00 1.5 96 1.35 93
15 2019-01-01 15:00:00 1.6 95 1.44 92
16 2019-01-01 16:00:00 1.8 94 1.62 91
17 2019-01-01 17:00:00 1.7 94 1.53 91
18 2019-01-01 18:00:00 1.5 96 1.35 93
19 2019-01-01 19:00:00 1.6 96 1.44 93
20 2019-01-01 20:00:00 1.6 94 1.44 91
21 2019-01-01 21:00:00 1.4 95 1.26 92
22 2019-01-01 22:00:00 1.3 97 1.17 94
23 2019-01-01 23:00:00 1.2 98 1.08 95
24 2019-01-02 00:00:00 1.1 98 0.99 95
25 2019-01-02 01:00:00 0.9 99 0.81 96
26 2019-01-02 02:00:00 0.4 99 0.36 96
27 2019-01-02 03:00:00 0.2 99 0.18 96
28 2019-01-02 04:00:00 0.2 98 0.18 95
29 2019-01-02 05:00:00 0.1 97 0.09 94
30 2019-01-02 06:00:00 0.1 96 0.09 93
31 2019-01-02 07:00:00 0.1 96 0.09 93
32 2019-01-02 08:00:00 0 96 0 93
33 2019-01-02 09:00:00 0 95 0 92
34 2019-01-02 10:00:00 0 95 0 92
35 2019-01-02 11:00:00 -0.1 96 -0.09 93
36 2019-01-02 12:00:00 -0.1 95 -0.09 92
37 2019-01-02 13:00:00 -0.2 96 -0.18 93
38 2019-01-02 14:00:00 -0.4 96 -0.36 93
39 2019-01-02 15:00:00 -0.7 92 -0.63 89
40 2019-01-02 16:00:00 -0.6 87 -0.54 84
41 2019-01-02 17:00:00 -0.2 87 -0.18 84
42 2019-01-02 18:00:00 -0.1 86 -0.09 83
43 2019-01-02 19:00:00 -0.2 86 -0.18 83
44 2019-01-02 20:00:00 -0.2 86 -0.18 83
45 2019-01-02 21:00:00 -0.3 87 -0.27 84
46 2019-01-02 22:00:00 -0.4 89 -0.36 86
47 2019-01-02 23:00:00 -0.6 91 -0.54 88
48 2019-01-03 00:00:00 -1.5 94 -1.35 91
49 2019-01-03 01:00:00 -1.5 92 -1.35 89
50 2019-01-03 02:00:00 -1.6 88 -1.44 85
51 2019-01-03 03:00:00 -1.6 85 -1.44 82
52 2019-01-03 04:00:00 -1.7 84 -1.53 81
53 2019-01-03 05:00:00 -1.9 84 -1.71 81
54 2019-01-03 06:00:00 -2.1 86 -1.89 83
55 2019-01-03 07:00:00 -2.2 87 -1.98 84
56 2019-01-03 08:00:00 -2.2 88 -1.98 85
57 2019-01-03 09:00:00 -2.3 88 -2.07 85
58 2019-01-03 10:00:00 -2.9 89 -2.61 86
59 2019-01-03 11:00:00 -3.3 91 -2.97 88
60 2019-01-03 12:00:00 -3.3 93 -2.97 90
61 2019-01-03 13:00:00 -3.6 93 -3.24 90
62 2019-01-03 14:00:00 -3.7 94 -3.33 91
63 2019-01-03 15:00:00 -2.3 94 -2.07 91
64 2019-01-03 16:00:00 -1.1 91 -0.99 88
65 2019-01-03 17:00:00 0 88 0 85
66 2019-01-03 18:00:00 1.1 86 0.99 83
67 2019-01-03 19:00:00 2.3 81 2.07 78
68 2019-01-03 20:00:00 3.1 75 2.79 72
69 2019-01-03 21:00:00 3.6 73 3.24 70
70 2019-01-03 22:00:00 3.3 77 2.97 74
71 2019-01-03 23:00:00 1.6 85 1.44 82
72 2019-01-04 00:00:00 0.3 90 0.27 87
73 2019-01-04 01:00:00 0 92 0 89
74 2019-01-04 02:00:00 -0.7 93 -0.63 90
75 2019-01-04 03:00:00 -0.8 94 -0.72 91
76 2019-01-04 04:00:00 -1.2 95 -1.08 92
77 2019-01-04 05:00:00 -1.4 95 -1.26 92
78 2019-01-04 06:00:00 -1.3 94 -1.17 91
79 2019-01-04 07:00:00 -1.9 95 -1.71 92
80 2019-01-04 08:00:00 -1.8 96 -1.62 93
81 2019-01-04 09:00:00 -1.9 95 -1.71 92
82 2019-01-04 10:00:00 -2.6 95 -2.34 92
83 2019-01-04 11:00:00 -2.9 97 -2.61 94
84 2019-01-04 12:00:00 -3.2 98 -2.88 95
85 2019-01-04 13:00:00 -2.9 97 -2.61 94
86 2019-01-04 14:00:00 -2.7 97 -2.43 94
87 2019-01-04 15:00:00 -0.8 96 -0.72 93
88 2019-01-04 16:00:00 -0.3 96 -0.27 93
89 2019-01-04 17:00:00 0.6 95 0.54 92
90 2019-01-04 18:00:00 1.5 93 1.35 90
91 2019-01-04 19:00:00 2.1 91 1.89 88
92 2019-01-04 20:00:00 3.5 91 3.15 88
93 2019-01-04 21:00:00 3.2 92 2.88 89
94 2019-01-04 22:00:00 2.9 94 2.61 91
95 2019-01-04 23:00:00 1.6 94 1.44 91
96 2019-01-05 00:00:00 0.6 95 0.54 92
97 2019-01-05 01:00:00 0.8 94 0.72 91
98 2019-01-05 02:00:00 0.9 92 0.81 89
99 2019-01-05 03:00:00 0.5 92 0.45 89
100 2019-01-05 04:00:00 0 92 0 89
101 2019-01-05 05:00:00 0.5 91 0.45 88
102 2019-01-05 06:00:00 0.8 90 0.72 87
103 2019-01-05 07:00:00 0.6 90 0.54 87
104 2019-01-05 08:00:00 0.5 91 0.45 88
105 2019-01-05 09:00:00 0.8 92 0.72 89
106 2019-01-05 10:00:00 0.8 92 0.72 89
107 2019-01-05 11:00:00 0.5 93 0.45 90
108 2019-01-05 12:00:00 -0.2 94 -0.18 91
109 2019-01-05 13:00:00 -1.1 96 -0.99 93
110 2019-01-05 14:00:00 -0.3 95 -0.27 92
111 2019-01-05 15:00:00 1.2 93 1.08 90
112 2019-01-05 16:00:00 3.2 90 2.88 87
113 2019-01-05 17:00:00 5.3 85 4.77 82
114 2019-01-05 18:00:00 7.2 81 6.48 78
115 2019-01-05 19:00:00 8.9 75 8.01 72
116 2019-01-05 20:00:00 10.3 72 9.27 69
117 2019-01-05 21:00:00 10.4 75 9.36 72
118 2019-01-05 22:00:00 10.2 77 9.18 74
119 2019-01-05 23:00:00 7.8 84 7.02 81
120 2019-01-06 00:00:00 5.4 92 4.86 89
121 2019-01-06 01:00:00 4.1 93 3.69 90
122 2019-01-06 02:00:00 3.1 96 2.79 93
123 2019-01-06 03:00:00 2.4 96 2.16 93
124 2019-01-06 04:00:00 2.5 96 2.25 93
125 2019-01-06 05:00:00 0.9 97 0.81 94
126 2019-01-06 06:00:00 0.6 97 0.54 94
127 2019-01-06 07:00:00 -0.1 98 -0.09 95
128 2019-01-06 08:00:00 0 98 0 95
129 2019-01-06 09:00:00 -0.9 98 -0.81 95
130 2019-01-06 10:00:00 0.1 98 0.09 95
131 2019-01-06 11:00:00 -0.5 98 -0.45 95
132 2019-01-06 12:00:00 0.3 97 0.27 94
133 2019-01-06 13:00:00 1.3 95 1.17 92
134 2019-01-06 14:00:00 2.1 92 1.89 89
135 2019-01-06 15:00:00 2.8 89 2.52 86
136 2019-01-06 16:00:00 3.8 88 3.42 85
137 2019-01-06 17:00:00 5.2 84 4.68 81
138 2019-01-06 18:00:00 7 81 6.3 78
139 2019-01-06 19:00:00 8.1 77 7.29 74
140 2019-01-06 20:00:00 8.2 78 7.38 75
141 2019-01-06 21:00:00 8.1 79 7.29 76
142 2019-01-06 22:00:00 8 80 7.2 77
143 2019-01-06 23:00:00 7.2 82 6.48 79
144 2019-01-07 00:00:00 6.7 85 6.03 82
145 2019-01-07 01:00:00 6.6 85 5.94 82
146 2019-01-07 02:00:00 6.6 85 5.94 82
147 2019-01-07 03:00:00 6.8 86 6.12 83
148 2019-01-07 04:00:00 7 86 6.3 83
149 2019-01-07 05:00:00 7.6 85 6.84 82
150 2019-01-07 06:00:00 7.7 86 6.93 83
151 2019-01-07 07:00:00 7.6 87 6.84 84
152 2019-01-07 08:00:00 7.9 89 7.11 86
153 2019-01-07 09:00:00 8.9 85 8.01 82
154 2019-01-07 10:00:00 8.8 84 7.92 81
155 2019-01-07 11:00:00 8.5 86 7.65 83
156 2019-01-07 12:00:00 8.9 84 8.01 81
157 2019-01-07 13:00:00 9.4 81 8.46 78
158 2019-01-07 14:00:00 9.6 80 8.64 77
159 2019-01-07 15:00:00 10.1 80 9.09 77
160 2019-01-07 16:00:00 10.3 82 9.27 79
161 2019-01-07 17:00:00 9.8 89 8.82 86
162 2019-01-07 18:00:00 10.3 93 9.27 90
163 2019-01-07 19:00:00 11.5 93 10.35 90
164 2019-01-07 20:00:00 12.3 91 11.07 88
165 2019-01-07 21:00:00 13.1 89 11.79 86
166 2019-01-07 22:00:00 13.6 88 12.24 85
167 2019-01-07 23:00:00 12.9 89 11.61 86
168 2019-01-08 00:00:00 12.1 92 10.89 89
169 2019-01-08 01:00:00 11.3 94 10.17 91
170 2019-01-08 02:00:00 10.4 96 9.36 93
171 2019-01-08 03:00:00 9.1 96 8.19 93
172 2019-01-08 04:00:00 7.9 98 7.11 95
173 2019-01-08 05:00:00 7.5 98 6.75 95
174 2019-01-08 06:00:00 9.9 99 8.91 96
175 2019-01-08 07:00:00 9.8 99 8.82 96
176 2019-01-08 08:00:00 8.4 99 7.56 96
177 2019-01-08 09:00:00 6.1 100 5.49 97
178 2019-01-08 10:00:00 5.3 100 4.77 97
179 2019-01-08 11:00:00 4.6 98 4.14 95
180 2019-01-08 12:00:00 3.9 97 3.51 94
181 2019-01-08 13:00:00 4.3 93 3.87 90
182 2019-01-08 14:00:00 4.6 91 4.14 88
183 2019-01-08 15:00:00 6.5 83 5.85 80
184 2019-01-08 16:00:00 7.5 73 6.75 70
185 2019-01-08 17:00:00 7.3 74 6.57 71
186 2019-01-08 18:00:00 7.4 75 6.66 72
187 2019-01-08 19:00:00 8.5 70 7.65 67
188 2019-01-08 20:00:00 8.6 58 7.74 55
189 2019-01-08 21:00:00 8.2 56 7.38 53
190 2019-01-08 22:00:00 7.1 55 6.39 52
191 2019-01-08 23:00:00 5.8 59 5.22 56
192 2019-01-09 00:00:00 4.7 65 4.23 62
193 2019-01-09 01:00:00 4.6 62 4.14 59
194 2019-01-09 02:00:00 3.7 66 3.33 63
195 2019-01-09 03:00:00 4 61 3.6 58
196 2019-01-09 04:00:00 2.8 62 2.52 59
197 2019-01-09 05:00:00 1.2 65 1.08 62
198 2019-01-09 06:00:00 0 69 0 66
199 2019-01-09 07:00:00 -0.8 68 -0.72 65
200 2019-01-09 08:00:00 -1.7 67 -1.53 64
201 2019-01-09 09:00:00 -2.5 69 -2.25 66
202 2019-01-09 10:00:00 -2.9 72 -2.61 69
203 2019-01-09 11:00:00 -3.6 72 -3.24 69
204 2019-01-09 12:00:00 -4.4 72 -3.96 69
205 2019-01-09 13:00:00 -5.1 70 -4.59 67
206 2019-01-09 14:00:00 -5.4 73 -4.86 70
207 2019-01-09 15:00:00 -4.9 68 -4.41 65
208 2019-01-09 16:00:00 -4.4 66 -3.96 63
209 2019-01-09 17:00:00 -3.9 61 -3.51 58
210 2019-01-09 18:00:00 -3.3 59 -2.97 56
211 2019-01-09 19:00:00 -3.4 60 -3.06 57
212 2019-01-09 20:00:00 -3.2 59 -2.88 56
213 2019-01-09 21:00:00 -3.8 60 -3.42 57
214 2019-01-09 22:00:00 -4.1 62 -3.69 59
215 2019-01-09 23:00:00 -4.9 65 -4.41 62
216 2019-01-10 00:00:00 -5.9 71 -5.31 68
217 2019-01-10 01:00:00 -6.3 75 -5.67 72
218 2019-01-10 02:00:00 -6.1 72 -5.49 69
219 2019-01-10 03:00:00 -6.5 74 -5.85 71
220 2019-01-10 04:00:00 -6.8 75 -6.12 72
221 2019-01-10 05:00:00 -7.2 77 -6.48 74
222 2019-01-10 06:00:00 -7.6 80 -6.84 77
223 2019-01-10 07:00:00 -7.9 81 -7.11 78
224 2019-01-10 08:00:00 -8.2 82 -7.38 79
225 2019-01-10 09:00:00 -8.8 84 -7.92 81
226 2019-01-10 10:00:00 -8.8 84 -7.92 81
227 2019-01-10 11:00:00 -8.9 81 -8.01 78
228 2019-01-10 12:00:00 -8.8 79 -7.92 76
229 2019-01-10 13:00:00 -8.7 75 -7.83 72
230 2019-01-10 14:00:00 -8.6 75 -7.74 72
231 2019-01-10 15:00:00 -8.1 73 -7.29 70
232 2019-01-10 16:00:00 -7.3 71 -6.57 68
233 2019-01-10 17:00:00 -6 65 -5.4 62
234 2019-01-10 18:00:00 -4.7 60 -4.23 57
235 2019-01-10 19:00:00 -3.8 57 -3.42 54
236 2019-01-10 20:00:00 -3.1 56 -2.79 53
237 2019-01-10 21:00:00 -2.8 56 -2.52 53
238 2019-01-10 22:00:00 -2.8 56 -2.52 53
239 2019-01-10 23:00:00 -3.2 58 -2.88 55
240 2019-01-11 00:00:00 -3.9 61 -3.51 58
241 2019-01-11 01:00:00 -4.5 69 -4.05 66
242 2019-01-11 02:00:00 -5 77 -4.5 74
243 2019-01-11 03:00:00 -5.5 79 -4.95 76
244 2019-01-11 04:00:00 -6.2 84 -5.58 81
245 2019-01-11 05:00:00 -6.9 86 -6.21 83
246 2019-01-11 06:00:00 -7.2 88 -6.48 85
247 2019-01-11 07:00:00 -7.3 89 -6.57 86
248 2019-01-11 08:00:00 -8 90 -7.2 87
249 2019-01-11 09:00:00 -8.4 91 -7.56 88
250 2019-01-11 10:00:00 -8.4 91 -7.56 88
251 2019-01-11 11:00:00 -7.8 91 -7.02 88
252 2019-01-11 12:00:00 -8.2 91 -7.38 88
253 2019-01-11 13:00:00 -7.8 92 -7.02 89
254 2019-01-11 14:00:00 -6.8 91 -6.12 88
255 2019-01-11 15:00:00 -4.9 89 -4.41 86
256 2019-01-11 16:00:00 -3.3 86 -2.97 83
257 2019-01-11 17:00:00 -2.5 82 -2.25 79
258 2019-01-11 18:00:00 -1.7 78 -1.53 75
259 2019-01-11 19:00:00 -1.1 72 -0.99 69
260 2019-01-11 20:00:00 -0.8 69 -0.72 66
261 2019-01-11 21:00:00 -0.8 69 -0.72 66
262 2019-01-11 22:00:00 -0.9 71 -0.81 68
263 2019-01-11 23:00:00 -1.2 73 -1.08 70
264 2019-01-12 00:00:00 -1.2 75 -1.08 72
265 2019-01-12 01:00:00 -1.3 78 -1.17 75
266 2019-01-12 02:00:00 -1.3 79 -1.17 76
267 2019-01-12 03:00:00 -1.1 80 -0.99 77
268 2019-01-12 04:00:00 -1.2 80 -1.08 77
269 2019-01-12 05:00:00 -1.2 81 -1.08 78
270 2019-01-12 06:00:00 -1.6 87 -1.44 84
271 2019-01-12 07:00:00 -1.9 93 -1.71 90
272 2019-01-12 08:00:00 -2 96 -1.8 93
273 2019-01-12 09:00:00 -2 97 -1.8 94
274 2019-01-12 10:00:00 -2 97 -1.8 94
275 2019-01-12 11:00:00 -1.9 97 -1.71 94
276 2019-01-12 12:00:00 -1.8 97 -1.62 94
277 2019-01-12 13:00:00 -1.7 97 -1.53 94
278 2019-01-12 14:00:00 -1.5 97 -1.35 94
279 2019-01-12 15:00:00 -1.1 97 -0.99 94
280 2019-01-12 16:00:00 -0.9 95 -0.81 92
281 2019-01-12 17:00:00 -0.9 94 -0.81 91
282 2019-01-12 18:00:00 -0.8 94 -0.72 91
283 2019-01-12 19:00:00 -0.6 94 -0.54 91
284 2019-01-12 20:00:00 -0.5 93 -0.45 90
285 2019-01-12 21:00:00 -0.6 92 -0.54 89
286 2019-01-12 22:00:00 -0.6 92 -0.54 89
287 2019-01-12 23:00:00 -0.7 93 -0.63 90
288 2019-01-13 00:00:00 -0.7 94 -0.63 91
289 2019-01-13 01:00:00 -0.8 94 -0.72 91
290 2019-01-13 02:00:00 -0.9 94 -0.81 91
291 2019-01-13 03:00:00 -1.1 94 -0.99 91
292 2019-01-13 04:00:00 -1.4 94 -1.26 91
293 2019-01-13 05:00:00 -1.7 94 -1.53 91
294 2019-01-13 06:00:00 -1.9 94 -1.71 91
295 2019-01-13 07:00:00 -2.3 93 -2.07 90
296 2019-01-13 08:00:00 -2.3 93 -2.07 90
297 2019-01-13 09:00:00 -2.2 93 -1.98 90
298 2019-01-13 10:00:00 -2.1 92 -1.89 89
299 2019-01-13 11:00:00 -2 92 -1.8 89
300 2019-01-13 12:00:00 -1.9 91 -1.71 88
301 2019-01-13 13:00:00 -2.1 91 -1.89 88
302 2019-01-13 14:00:00 -2.5 91 -2.25 88
303 2019-01-13 15:00:00 -2.5 90 -2.25 87
304 2019-01-13 16:00:00 -2.6 89 -2.34 86
305 2019-01-13 17:00:00 -2.7 88 -2.43 85
306 2019-01-13 18:00:00 -3 87 -2.7 84
307 2019-01-13 19:00:00 -2.8 86 -2.52 83
308 2019-01-13 20:00:00 -2.6 85 -2.34 82
309 2019-01-13 21:00:00 -2.6 85 -2.34 82
310 2019-01-13 22:00:00 -2.7 85 -2.43 82
311 2019-01-13 23:00:00 -2.9 86 -2.61 83
312 2019-01-14 00:00:00 -4.6 87 -4.14 84
313 2019-01-14 01:00:00 -8.3 91 -7.47 88
314 2019-01-14 02:00:00 -10.5 95 -9.45 92
315 2019-01-14 03:00:00 -11.9 95 -10.71 92
316 2019-01-14 04:00:00 -13.1 94 -11.79 91
317 2019-01-14 05:00:00 -13.2 93 -11.88 90
318 2019-01-14 06:00:00 -14.1 91 -12.69 88
319 2019-01-14 07:00:00 -14.4 90 -12.96 87
320 2019-01-14 08:00:00 -14.8 90 -13.32 87
321 2019-01-14 09:00:00 -15 89 -13.5 86
322 2019-01-14 10:00:00 -16.3 89 -14.67 86
323 2019-01-14 11:00:00 -16.3 88 -14.67 85
324 2019-01-14 12:00:00 -16.1 88 -14.49 85
325 2019-01-14 13:00:00 -17.6 88 -15.84 85
326 2019-01-14 14:00:00 -16.5 88 -14.85 85
327 2019-01-14 15:00:00 -15.4 88 -13.86 85
328 2019-01-14 16:00:00 -13.6 89 -12.24 86
329 2019-01-14 17:00:00 -11.8 90 -10.62 87
330 2019-01-14 18:00:00 -10 91 -9 88
331 2019-01-14 19:00:00 -8.8 92 -7.92 89
332 2019-01-14 20:00:00 -7.9 93 -7.11 90
333 2019-01-14 21:00:00 -7.6 93 -6.84 90
334 2019-01-14 22:00:00 -8.1 93 -7.29 90
335 2019-01-14 23:00:00 -7.9 93 -7.11 90
336 2019-01-15 00:00:00 -6.6 94 -5.94 91
337 2019-01-15 01:00:00 -6.2 95 -5.58 92
338 2019-01-15 02:00:00 -5.8 95 -5.22 92
339 2019-01-15 03:00:00 -5.4 95 -4.86 92
340 2019-01-15 04:00:00 -5 95 -4.5 92
341 2019-01-15 05:00:00 -4.3 95 -3.87 92
342 2019-01-15 06:00:00 -3.5 95 -3.15 92
343 2019-01-15 07:00:00 -2.9 95 -2.61 92
344 2019-01-15 08:00:00 -3.1 97 -2.79 94
345 2019-01-15 09:00:00 -3.1 97 -2.79 94
346 2019-01-15 10:00:00 -3.1 96 -2.79 93
347 2019-01-15 11:00:00 -3.1 97 -2.79 94
348 2019-01-15 12:00:00 -3.2 95 -2.88 92
349 2019-01-15 13:00:00 -3.3 94 -2.97 91
350 2019-01-15 14:00:00 -3.2 94 -2.88 91
351 2019-01-15 15:00:00 -3.2 94 -2.88 91
352 2019-01-15 16:00:00 -3 93 -2.7 90
353 2019-01-15 17:00:00 -2.9 92 -2.61 89
354 2019-01-15 18:00:00 -2.7 93 -2.43 90
355 2019-01-15 19:00:00 -2.8 93 -2.52 90
356 2019-01-15 20:00:00 -2.5 92 -2.25 89
357 2019-01-15 21:00:00 -2.2 93 -1.98 90
358 2019-01-15 22:00:00 -2 93 -1.8 90
359 2019-01-15 23:00:00 -1.9 94 -1.71 91
360 2019-01-16 00:00:00 -1.7 96 -1.53 93
361 2019-01-16 01:00:00 -1.4 98 -1.26 95
362 2019-01-16 02:00:00 -1.2 99 -1.08 96
363 2019-01-16 03:00:00 -1 98 -0.9 95
364 2019-01-16 04:00:00 -0.7 99 -0.63 96
365 2019-01-16 05:00:00 -0.4 98 -0.36 95
366 2019-01-16 06:00:00 -0.1 97 -0.09 94
367 2019-01-16 07:00:00 0.1 95 0.09 92
368 2019-01-16 08:00:00 0.2 95 0.18 92
369 2019-01-16 09:00:00 0.3 94 0.27 91
370 2019-01-16 10:00:00 0.2 94 0.18 91
371 2019-01-16 11:00:00 0.1 94 0.09 91
372 2019-01-16 12:00:00 0 94 0 91
373 2019-01-16 13:00:00 -0.1 94 -0.09 91
374 2019-01-16 14:00:00 -0.1 93 -0.09 90
375 2019-01-16 15:00:00 0.1 91 0.09 88
376 2019-01-16 16:00:00 0.2 92 0.18 89
377 2019-01-16 17:00:00 0.3 92 0.27 89
378 2019-01-16 18:00:00 0.3 93 0.27 90
379 2019-01-16 19:00:00 0.3 93 0.27 90
380 2019-01-16 20:00:00 0.2 93 0.18 90
381 2019-01-16 21:00:00 0.3 93 0.27 90
382 2019-01-16 22:00:00 0.2 93 0.18 90
383 2019-01-16 23:00:00 0.1 93 0.09 90
384 2019-01-17 00:00:00 0 93 0 90
385 2019-01-17 01:00:00 -0.1 94 -0.09 91
386 2019-01-17 02:00:00 0.1 92 0.09 89
387 2019-01-17 03:00:00 -0.1 92 -0.09 89
388 2019-01-17 04:00:00 -0.1 94 -0.09 91
389 2019-01-17 05:00:00 -0.3 95 -0.27 92
390 2019-01-17 06:00:00 -0.3 97 -0.27 94
391 2019-01-17 07:00:00 -0.3 98 -0.27 95
392 2019-01-17 08:00:00 -0.2 98 -0.18 95
393 2019-01-17 09:00:00 0 99 0 96
394 2019-01-17 10:00:00 0.1 99 0.09 96
395 2019-01-17 11:00:00 0.2 99 0.18 96
396 2019-01-17 12:00:00 0.4 99 0.36 96
397 2019-01-17 13:00:00 0.4 99 0.36 96
398 2019-01-17 14:00:00 0.5 99 0.45 96
399 2019-01-17 15:00:00 0.6 99 0.54 96
400 2019-01-17 16:00:00 0.7 99 0.63 96
401 2019-01-17 17:00:00 1 99 0.9 96
402 2019-01-17 18:00:00 0.9 99 0.81 96
403 2019-01-17 19:00:00 1 99 0.9 96
404 2019-01-17 20:00:00 0.9 100 0.81 97
405 2019-01-17 21:00:00 0.9 100 0.81 97
406 2019-01-17 22:00:00 0.6 100 0.54 97
407 2019-01-17 23:00:00 0.4 100 0.36 97
408 2019-01-18 00:00:00 0.2 100 0.18 97
409 2019-01-18 01:00:00 0.1 100 0.09 97
410 2019-01-18 02:00:00 0.2 98 0.18 95
411 2019-01-18 03:00:00 0.1 94 0.09 91
412 2019-01-18 04:00:00 0 91 0 88
413 2019-01-18 05:00:00 -0.5 91 -0.45 88
414 2019-01-18 06:00:00 -0.3 91 -0.27 88
415 2019-01-18 07:00:00 -0.4 93 -0.36 90
416 2019-01-18 08:00:00 -0.4 94 -0.36 91
417 2019-01-18 09:00:00 -0.4 94 -0.36 91
418 2019-01-18 10:00:00 -0.4 95 -0.36 92
419 2019-01-18 11:00:00 -0.5 93 -0.45 90
420 2019-01-18 12:00:00 -0.8 91 -0.72 88
421 2019-01-18 13:00:00 -1 91 -0.9 88
422 2019-01-18 14:00:00 -1.2 89 -1.08 86
423 2019-01-18 15:00:00 -1 88 -0.9 85
424 2019-01-18 16:00:00 -0.7 86 -0.63 83
425 2019-01-18 17:00:00 -0.4 85 -0.36 82
426 2019-01-18 18:00:00 0 83 0 80
427 2019-01-18 19:00:00 0.2 83 0.18 80
428 2019-01-18 20:00:00 0.2 85 0.18 82
429 2019-01-18 21:00:00 0.3 85 0.27 82
430 2019-01-18 22:00:00 0.3 87 0.27 84
431 2019-01-18 23:00:00 0.4 89 0.36 86
432 2019-01-19 00:00:00 0.4 89 0.36 86
433 2019-01-19 01:00:00 0.4 89 0.36 86
434 2019-01-19 02:00:00 0.5 88 0.45 85
435 2019-01-19 03:00:00 0.6 88 0.54 85
436 2019-01-19 04:00:00 0.6 89 0.54 86
437 2019-01-19 05:00:00 0.8 89 0.72 86
438 2019-01-19 06:00:00 0.7 92 0.63 89
439 2019-01-19 07:00:00 0.4 96 0.36 93
440 2019-01-19 08:00:00 0.3 97 0.27 94
441 2019-01-19 09:00:00 0.3 98 0.27 95
442 2019-01-19 10:00:00 0.4 97 0.36 94
443 2019-01-19 11:00:00 0.4 97 0.36 94
444 2019-01-19 12:00:00 0.4 96 0.36 93
445 2019-01-19 13:00:00 0.2 95 0.18 92
446 2019-01-19 14:00:00 -0.3 96 -0.27 93
447 2019-01-19 15:00:00 -1.5 96 -1.35 93
448 2019-01-19 16:00:00 -2.4 95 -2.16 92
449 2019-01-19 17:00:00 -3 93 -2.7 90
450 2019-01-19 18:00:00 -3.2 90 -2.88 87
451 2019-01-19 19:00:00 -3.4 90 -3.06 87
452 2019-01-19 20:00:00 -3.4 89 -3.06 86
453 2019-01-19 21:00:00 -3 89 -2.7 86
454 2019-01-19 22:00:00 -3.3 91 -2.97 88
455 2019-01-19 23:00:00 -3.3 90 -2.97 87
456 2019-01-20 00:00:00 -3.3 90 -2.97 87
457 2019-01-20 01:00:00 -3.4 87 -3.06 84
458 2019-01-20 02:00:00 -3.7 86 -3.33 83
459 2019-01-20 03:00:00 -4.4 85 -3.96 82
460 2019-01-20 04:00:00 -6.3 88 -5.67 85
461 2019-01-20 05:00:00 -7.8 87 -7.02 84
462 2019-01-20 06:00:00 -9 86 -8.1 83
463 2019-01-20 07:00:00 -10 80 -9 77
464 2019-01-20 08:00:00 -10.8 74 -9.72 71
465 2019-01-20 09:00:00 -11.5 74 -10.35 71
466 2019-01-20 10:00:00 -12.7 72 -11.43 69
467 2019-01-20 11:00:00 -13.3 72 -11.97 69
468 2019-01-20 12:00:00 -13.5 74 -12.15 71
469 2019-01-20 13:00:00 -13.5 76 -12.15 73
470 2019-01-20 14:00:00 -14 77 -12.6 74
471 2019-01-20 15:00:00 -13.5 77 -12.15 74
472 2019-01-20 16:00:00 -12.8 75 -11.52 72
473 2019-01-20 17:00:00 -12 73 -10.8 70
474 2019-01-20 18:00:00 -11.3 73 -10.17 70
475 2019-01-20 19:00:00 -11 74 -9.9 71
476 2019-01-20 20:00:00 -11 76 -9.9 73
477 2019-01-20 21:00:00 -11.2 74 -10.08 71
478 2019-01-20 22:00:00 -11.4 74 -10.26 71
479 2019-01-20 23:00:00 -12.2 73 -10.98 70
480 2019-01-21 00:00:00 -13.4 73 -12.06 70
481 2019-01-21 01:00:00 -14.6 74 -13.14 71
482 2019-01-21 02:00:00 -15.6 76 -14.04 73
483 2019-01-21 03:00:00 -16.3 77 -14.67 74
484 2019-01-21 04:00:00 -16.8 75 -15.12 72
485 2019-01-21 05:00:00 -17.6 78 -15.84 75
486 2019-01-21 06:00:00 -17.5 78 -15.75 75
487 2019-01-21 07:00:00 -18 79 -16.2 76
488 2019-01-21 08:00:00 -17.7 78 -15.93 75
489 2019-01-21 09:00:00 -18.1 79 -16.29 76
490 2019-01-21 10:00:00 -17.9 79 -16.11 76
491 2019-01-21 11:00:00 -16.3 80 -14.67 77
492 2019-01-21 12:00:00 -14.4 78 -12.96 75
493 2019-01-21 13:00:00 -14.5 76 -13.05 73
494 2019-01-21 14:00:00 -14.8 77 -13.32 74
495 2019-01-21 15:00:00 -14 74 -12.6 71
496 2019-01-21 16:00:00 -12.4 70 -11.16 67
497 2019-01-21 17:00:00 -10.8 67 -9.72 64
498 2019-01-21 18:00:00 -9.6 66 -8.64 63
499 2019-01-21 19:00:00 -8.9 62 -8.01 59
500 2019-01-21 20:00:00 -8 59 -7.2 56
501 2019-01-21 21:00:00 -7.4 61 -6.66 58
502 2019-01-21 22:00:00 -7.6 62 -6.84 59
503 2019-01-21 23:00:00 -7.5 66 -6.75 63
504 2019-01-22 00:00:00 -7.5 70 -6.75 67
505 2019-01-22 01:00:00 -7.7 68 -6.93 65
506 2019-01-22 02:00:00 -7.9 67 -7.11 64
507 2019-01-22 03:00:00 -7.8 68 -7.02 65
508 2019-01-22 04:00:00 -7.8 70 -7.02 67
509 2019-01-22 05:00:00 -7.8 70 -7.02 67
510 2019-01-22 06:00:00 -7.8 70 -7.02 67
511 2019-01-22 07:00:00 -7.8 70 -7.02 67
512 2019-01-22 08:00:00 -7.8 71 -7.02 68
513 2019-01-22 09:00:00 -7.7 71 -6.93 68
514 2019-01-22 10:00:00 -7.5 72 -6.75 69
515 2019-01-22 11:00:00 -7.1 73 -6.39 70
516 2019-01-22 12:00:00 -6.6 72 -5.94 69
517 2019-01-22 13:00:00 -5.9 72 -5.31 69
518 2019-01-22 14:00:00 -4.9 72 -4.41 69
519 2019-01-22 15:00:00 -3.6 71 -3.24 68
520 2019-01-22 16:00:00 -9999 -9999 -8999.1 -10002
521 2019-01-22 17:00:00 -9999 -9999 -8999.1 -10002
522 2019-01-22 18:00:00 -9999 -9999 -8999.1 -10002
523 2019-01-22 19:00:00 0.5 74 0.45 71
524 2019-01-22 20:00:00 1.5 76 1.35 73
525 2019-01-22 21:00:00 1.9 77 1.71 74
526 2019-01-22 22:00:00 2.1 79 1.89 76
527 2019-01-22 23:00:00 2 83 1.8 80
528 2019-01-23 00:00:00 1.9 86 1.71 83
529 2019-01-23 01:00:00 2 88 1.8 85
530 2019-01-23 02:00:00 2 92 1.8 89
531 2019-01-23 03:00:00 1.9 93 1.71 90
532 2019-01-23 04:00:00 1.8 95 1.62 92
533 2019-01-23 05:00:00 1.7 97 1.53 94
534 2019-01-23 06:00:00 1.9 99 1.71 96
535 2019-01-23 07:00:00 2.2 99 1.98 96
536 2019-01-23 08:00:00 2.1 99 1.89 96
537 2019-01-23 09:00:00 2.4 100 2.16 97
538 2019-01-23 10:00:00 2.6 100 2.34 97
539 2019-01-23 11:00:00 3 100 2.7 97
540 2019-01-23 12:00:00 3 100 2.7 97
541 2019-01-23 13:00:00 3.5 100 3.15 97
542 2019-01-23 14:00:00 3.5 100 3.15 97
543 2019-01-23 15:00:00 3 100 2.7 97
544 2019-01-23 16:00:00 -0.2 100 -0.18 97
545 2019-01-23 17:00:00 -1.8 100 -1.62 97
546 2019-01-23 18:00:00 -2.4 96 -2.16 93
547 2019-01-23 19:00:00 -3 92 -2.7 89
548 2019-01-23 20:00:00 -3.4 89 -3.06 86
549 2019-01-23 21:00:00 -3.8 88 -3.42 85
550 2019-01-23 22:00:00 -4 87 -3.6 84
551 2019-01-23 23:00:00 -4.2 86 -3.78 83
552 2019-01-24 00:00:00 -4.4 84 -3.96 81
553 2019-01-24 01:00:00 -4.6 83 -4.14 80
554 2019-01-24 02:00:00 -5 83 -4.5 80
555 2019-01-24 03:00:00 -5.6 84 -5.04 81
556 2019-01-24 04:00:00 -5.9 84 -5.31 81
557 2019-01-24 05:00:00 -6.3 81 -5.67 78
558 2019-01-24 06:00:00 -6.8 81 -6.12 78
559 2019-01-24 07:00:00 -7.9 85 -7.11 82
560 2019-01-24 08:00:00 -8.5 87 -7.65 84
561 2019-01-24 09:00:00 -8.8 87 -7.92 84
562 2019-01-24 10:00:00 -8.9 87 -8.01 84
563 2019-01-24 11:00:00 -8.9 87 -8.01 84
564 2019-01-24 12:00:00 -8.8 88 -7.92 85
565 2019-01-24 13:00:00 -8.4 89 -7.56 86
566 2019-01-24 14:00:00 -7.7 89 -6.93 86
567 2019-01-24 15:00:00 -6.5 89 -5.85 86
568 2019-01-24 16:00:00 -5.4 88 -4.86 85
569 2019-01-24 17:00:00 -9999 -9999 -8999.1 -10002
570 2019-01-24 18:00:00 -9999 -9999 -8999.1 -10002
571 2019-01-24 19:00:00 -5 87 -4.5 84
572 2019-01-24 20:00:00 -4.7 88 -4.23 85
573 2019-01-24 21:00:00 -4.3 88 -3.87 85
574 2019-01-24 22:00:00 -4.9 85 -4.41 82
575 2019-01-24 23:00:00 -6.3 80 -5.67 77
576 2019-01-25 00:00:00 -8.2 78 -7.38 75
577 2019-01-25 01:00:00 -9.4 78 -8.46 75
578 2019-01-25 02:00:00 -10.6 76 -9.54 73
579 2019-01-25 03:00:00 -11.6 75 -10.44 72
580 2019-01-25 04:00:00 -12.4 73 -11.16 70
581 2019-01-25 05:00:00 -13.1 71 -11.79 68
582 2019-01-25 06:00:00 -13.6 71 -12.24 68
583 2019-01-25 07:00:00 -14.3 71 -12.87 68
584 2019-01-25 08:00:00 -14.9 72 -13.41 69
585 2019-01-25 09:00:00 -15.5 72 -13.95 69
586 2019-01-25 10:00:00 -16.1 73 -14.49 70
587 2019-01-25 11:00:00 -16.6 73 -14.94 70
588 2019-01-25 12:00:00 -16.9 73 -15.21 70
589 2019-01-25 13:00:00 -17.2 72 -15.48 69
590 2019-01-25 14:00:00 -17.2 72 -15.48 69
591 2019-01-25 15:00:00 -16.5 71 -14.85 68
592 2019-01-25 16:00:00 -15.2 68 -13.68 65
593 2019-01-25 17:00:00 -13.9 64 -12.51 61
594 2019-01-25 18:00:00 -12.7 63 -11.43 60
595 2019-01-25 19:00:00 -9999 -9999 -8999.1 -10002
596 2019-01-25 20:00:00 -9.5 64 -8.55 61
597 2019-01-25 21:00:00 -8.2 62 -7.38 59
598 2019-01-25 22:00:00 -7.3 64 -6.57 61
599 2019-01-25 23:00:00 -6.5 67 -5.85 64
600 2019-01-26 00:00:00 -6.6 76 -5.94 73
601 2019-01-26 01:00:00 -6.8 87 -6.12 84
602 2019-01-26 02:00:00 -6.4 90 -5.76 87
603 2019-01-26 03:00:00 -6.1 92 -5.49 89
604 2019-01-26 04:00:00 -5.7 92 -5.13 89
605 2019-01-26 05:00:00 -5.3 92 -4.77 89
606 2019-01-26 06:00:00 -5.2 91 -4.68 88
607 2019-01-26 07:00:00 -8.4 90 -7.56 87
608 2019-01-26 08:00:00 -11.2 89 -10.08 86
609 2019-01-26 09:00:00 -12.7 87 -11.43 84
610 2019-01-26 10:00:00 -17 88 -15.3 85
611 2019-01-26 11:00:00 -18.8 91 -16.92 88
612 2019-01-26 12:00:00 -20.3 90 -18.27 87
613 2019-01-26 13:00:00 -22.6 91 -20.34 88
614 2019-01-26 14:00:00 -22.6 88 -20.34 85
615 2019-01-26 15:00:00 -19.5 88 -17.55 85
616 2019-01-26 16:00:00 -16.9 88 -15.21 85
617 2019-01-26 17:00:00 -14.4 89 -12.96 86
618 2019-01-26 18:00:00 -12 90 -10.8 87
619 2019-01-26 19:00:00 -9.9 88 -8.91 85
620 2019-01-26 20:00:00 -7.8 86 -7.02 83
621 2019-01-26 21:00:00 -6.1 88 -5.49 85
622 2019-01-26 22:00:00 -4.5 90 -4.05 87
623 2019-01-26 23:00:00 -3.3 91 -2.97 88
624 2019-01-27 00:00:00 -2.4 93 -2.16 90
625 2019-01-27 01:00:00 -2 94 -1.8 91
626 2019-01-27 02:00:00 -1.7 94 -1.53 91
627 2019-01-27 03:00:00 -3.4 89 -3.06 86
628 2019-01-27 04:00:00 -4.5 86 -4.05 83
629 2019-01-27 05:00:00 -5.2 86 -4.68 83
630 2019-01-27 06:00:00 -6.1 86 -5.49 83
631 2019-01-27 07:00:00 -6.8 87 -6.12 84
632 2019-01-27 08:00:00 -8.6 87 -7.74 84
633 2019-01-27 09:00:00 -10.4 86 -9.36 83
634 2019-01-27 10:00:00 -13.2 83 -11.88 80
635 2019-01-27 11:00:00 -14.5 81 -13.05 78
636 2019-01-27 12:00:00 -15.8 83 -14.22 80
637 2019-01-27 13:00:00 -16.4 86 -14.76 83
638 2019-01-27 14:00:00 -16.7 87 -15.03 84
639 2019-01-27 15:00:00 -15.7 86 -14.13 83
640 2019-01-27 16:00:00 -14.5 83 -13.05 80
641 2019-01-27 17:00:00 -13.6 78 -12.24 75
642 2019-01-27 18:00:00 -9999 73 -8999.1 70
643 2019-01-27 19:00:00 -11.9 72 -10.71 69
644 2019-01-27 20:00:00 -11.3 72 -10.17 69
645 2019-01-27 21:00:00 -10.7 71 -9.63 68
646 2019-01-27 22:00:00 -9.7 71 -8.73 68
647 2019-01-27 23:00:00 -10.1 73 -9.09 70
648 2019-01-28 00:00:00 -10.1 73 -9.09 70
649 2019-01-28 01:00:00 -9.7 76 -8.73 73
650 2019-01-28 02:00:00 -8.9 78 -8.01 75
651 2019-01-28 03:00:00 -8.2 80 -7.38 77
652 2019-01-28 04:00:00 -7.6 80 -6.84 77
653 2019-01-28 05:00:00 -7.2 80 -6.48 77
654 2019-01-28 06:00:00 -6.2 79 -5.58 76
655 2019-01-28 07:00:00 -5.2 77 -4.68 74
656 2019-01-28 08:00:00 -4.1 78 -3.69 75
657 2019-01-28 09:00:00 -2.8 82 -2.52 79
658 2019-01-28 10:00:00 -1.6 86 -1.44 83
659 2019-01-28 11:00:00 -0.4 85 -0.36 82
660 2019-01-28 12:00:00 0.7 85 0.63 82
661 2019-01-28 13:00:00 1.2 86 1.08 83
662 2019-01-28 14:00:00 1.5 89 1.35 86
663 2019-01-28 15:00:00 1.7 90 1.53 87
664 2019-01-28 16:00:00 2.1 92 1.89 89
665 2019-01-28 17:00:00 1.8 93 1.62 90
666 2019-01-28 18:00:00 1.9 96 1.71 93
667 2019-01-28 19:00:00 0.8 97 0.72 94
668 2019-01-28 20:00:00 -2.8 94 -2.52 91
669 2019-01-28 21:00:00 -4.5 88 -4.05 85
670 2019-01-28 22:00:00 -6 82 -5.4 79
671 2019-01-28 23:00:00 -8 78 -7.2 75
672 2019-01-29 00:00:00 -9.2 74 -8.28 71
673 2019-01-29 01:00:00 -9.9 73 -8.91 70
674 2019-01-29 02:00:00 -10.4 73 -9.36 70
675 2019-01-29 03:00:00 -10.9 74 -9.81 71
676 2019-01-29 04:00:00 -11.2 76 -10.08 73
677 2019-01-29 05:00:00 -11.9 77 -10.71 74
678 2019-01-29 06:00:00 -12 78 -10.8 75
679 2019-01-29 07:00:00 -12.1 78 -10.89 75
680 2019-01-29 08:00:00 -12.6 79 -11.34 76
681 2019-01-29 09:00:00 -13.3 79 -11.97 76
682 2019-01-29 10:00:00 -14.3 79 -12.87 76
683 2019-01-29 11:00:00 -15.1 78 -13.59 75
684 2019-01-29 12:00:00 -15.3 78 -13.77 75
685 2019-01-29 13:00:00 -15.1 77 -13.59 74
686 2019-01-29 14:00:00 -14.7 77 -13.23 74
687 2019-01-29 15:00:00 -13.5 74 -12.15 71
688 2019-01-29 16:00:00 -12 72 -10.8 69
689 2019-01-29 17:00:00 -10.6 60 -9.54 57
690 2019-01-29 18:00:00 -10.3 60 -9.27 57
691 2019-01-29 19:00:00 -9.9 62 -8.91 59
692 2019-01-29 20:00:00 -9.8 65 -8.82 62
693 2019-01-29 21:00:00 -9.7 61 -8.73 58
694 2019-01-29 22:00:00 -10.5 55 -9.45 52
695 2019-01-29 23:00:00 -11.9 55 -10.71 52
696 2019-01-30 00:00:00 -13.7 60 -12.33 57
697 2019-01-30 01:00:00 -15.3 62 -13.77 59
698 2019-01-30 02:00:00 -16.3 61 -14.67 58
699 2019-01-30 03:00:00 -16.6 63 -14.94 60
700 2019-01-30 04:00:00 -17 64 -15.3 61
701 2019-01-30 05:00:00 -17.6 65 -15.84 62
702 2019-01-30 06:00:00 -18 66 -16.2 63
703 2019-01-30 07:00:00 -18.3 68 -16.47 65
704 2019-01-30 08:00:00 -19.1 68 -17.19 65
705 2019-01-30 09:00:00 -20.4 64 -18.36 61
706 2019-01-30 10:00:00 -9999 56 -8999.1 53
707 2019-01-30 11:00:00 -24.1 59 -21.69 56
708 2019-01-30 12:00:00 -24.8 58 -22.32 55
709 2019-01-30 13:00:00 -25.9 62 -23.31 59
710 2019-01-30 14:00:00 -26.3 65 -23.67 62
711 2019-01-30 15:00:00 -26 64 -23.4 61
712 2019-01-30 16:00:00 -9999 64 -8999.1 61
713 2019-01-30 17:00:00 -9999 -9999 -8999.1 -10002
714 2019-01-30 18:00:00 -9999 63 -8999.1 60
715 2019-01-30 19:00:00 -9999 -9999 -8999.1 -10002
716 2019-01-30 20:00:00 -9999 68 -8999.1 65
717 2019-01-30 21:00:00 -20.4 68 -18.36 65
718 2019-01-30 22:00:00 -20.1 66 -18.09 63
719 2019-01-30 23:00:00 -20.3 63 -18.27 60
720 2019-01-31 00:00:00 -20.3 63 -18.27 60
721 2019-01-31 01:00:00 -20.3 63 -18.27 60
722 2019-01-31 02:00:00 -20.5 62 -18.45 59
723 2019-01-31 03:00:00 -20.7 62 -18.63 59
724 2019-01-31 04:00:00 -20.9 63 -18.81 60
725 2019-01-31 05:00:00 -21.4 65 -19.26 62
726 2019-01-31 06:00:00 -21.5 63 -19.35 60
727 2019-01-31 07:00:00 -21.7 63 -19.53 60
728 2019-01-31 08:00:00 -9999 61 -8999.1 58
729 2019-01-31 09:00:00 -9999 61 -8999.1 58
730 2019-01-31 10:00:00 -9999 60 -8999.1 57
731 2019-01-31 11:00:00 -9999 59 -8999.1 56
732 2019-01-31 12:00:00 -9999 59 -8999.1 56
733 2019-01-31 13:00:00 -9999 64 -8999.1 61
734 2019-01-31 14:00:00 -9999 -9999 -8999.1 -10002
735 2019-01-31 15:00:00 -9999 62 -8999.1 59
736 2019-01-31 16:00:00 -18.7 61 -16.83 58
737 2019-01-31 17:00:00 -16.8 62 -15.12 59
738 2019-01-31 18:00:00 -15 63 -13.5 60
739 2019-01-31 19:00:00 -13.8 59 -12.42 56
740 2019-01-31 20:00:00 -12.6 58 -11.34 55
741 2019-01-31 21:00:00 -12.2 60 -10.98 57
742 2019-01-31 22:00:00 -11.3 62 -10.17 59
743 2019-01-31 23:00:00 -10.8 64 -9.72 61
744 2019-02-01 00:00:00 -11.4 77 -10.26 74
745 2019-02-01 01:00:00 -11.7 83 -10.53 80
746 2019-02-01 02:00:00 -11.6 84 -10.44 81
747 2019-02-01 03:00:00 -11.4 85 -10.26 82
748 2019-02-01 04:00:00 -11.1 85 -9.99 82
749 2019-02-01 05:00:00 -10.9 85 -9.81 82
750 2019-02-01 06:00:00 -10.5 85 -9.45 82
751 2019-02-01 07:00:00 -10.2 85 -9.18 82
752 2019-02-01 08:00:00 -9.9 85 -8.91 82
753 2019-02-01 09:00:00 -9.7 85 -8.73 82
754 2019-02-01 10:00:00 -9.4 86 -8.46 83
755 2019-02-01 11:00:00 -9.2 86 -8.28 83
756 2019-02-01 12:00:00 -9.2 87 -8.28 84
757 2019-02-01 13:00:00 -9.8 87 -8.82 84
758 2019-02-01 14:00:00 -10.2 88 -9.18 85
759 2019-02-01 15:00:00 -9.1 86 -8.19 83
760 2019-02-01 16:00:00 -8 83 -7.2 80
761 2019-02-01 17:00:00 -6.7 80 -6.03 77
762 2019-02-01 18:00:00 -5.4 77 -4.86 74
763 2019-02-01 19:00:00 -4.6 77 -4.14 74
764 2019-02-01 20:00:00 -4.1 76 -3.69 73
765 2019-02-01 21:00:00 -3.8 74 -3.42 71
766 2019-02-01 22:00:00 -3.5 74 -3.15 71
767 2019-02-01 23:00:00 -4.5 79 -4.05 76
768 2019-02-02 00:00:00 -5.9 82 -5.31 79
769 2019-02-02 01:00:00 -6.5 84 -5.85 81
770 2019-02-02 02:00:00 -7 85 -6.3 82
771 2019-02-02 03:00:00 -7.2 87 -6.48 84
772 2019-02-02 04:00:00 -7.5 88 -6.75 85
773 2019-02-02 05:00:00 -7.6 90 -6.84 87
774 2019-02-02 06:00:00 -7.3 92 -6.57 89
775 2019-02-02 07:00:00 -6 92 -5.4 89
776 2019-02-02 08:00:00 -5.6 92 -5.04 89
777 2019-02-02 09:00:00 -5.5 92 -4.95 89
778 2019-02-02 10:00:00 -5 92 -4.5 89
779 2019-02-02 11:00:00 -3.5 93 -3.15 90
780 2019-02-02 12:00:00 -2.8 93 -2.52 90
781 2019-02-02 13:00:00 -2.7 94 -2.43 91
782 2019-02-02 14:00:00 -2.6 95 -2.34 92
783 2019-02-02 15:00:00 -0.3 95 -0.27 92
784 2019-02-02 16:00:00 1.3 96 1.17 93
785 2019-02-02 17:00:00 2.7 98 2.43 95
786 2019-02-02 18:00:00 4.2 95 3.78 92
787 2019-02-02 19:00:00 5.4 91 4.86 88
788 2019-02-02 20:00:00 5.6 91 5.04 88
789 2019-02-02 21:00:00 6.6 89 5.94 86
790 2019-02-02 22:00:00 6.2 91 5.58 88
791 2019-02-02 23:00:00 4.5 95 4.05 92
792 2019-02-03 00:00:00 3.8 98 3.42 95
793 2019-02-03 01:00:00 4.1 99 3.69 96
794 2019-02-03 02:00:00 4 99 3.6 96
795 2019-02-03 03:00:00 3.6 100 3.24 97
796 2019-02-03 04:00:00 3.7 100 3.33 97
797 2019-02-03 05:00:00 2.8 100 2.52 97
798 2019-02-03 06:00:00 3.2 100 2.88 97
799 2019-02-03 07:00:00 3.2 100 2.88 97
800 2019-02-03 08:00:00 3.2 100 2.88 97
801 2019-02-03 09:00:00 2.9 100 2.61 97
802 2019-02-03 10:00:00 2.6 100 2.34 97
803 2019-02-03 11:00:00 3.2 100 2.88 97
804 2019-02-03 12:00:00 4 100 3.6 97
805 2019-02-03 13:00:00 4.1 99 3.69 96
806 2019-02-03 14:00:00 4.2 99 3.78 96
807 2019-02-03 15:00:00 5.2 99 4.68 96
808 2019-02-03 16:00:00 7.4 96 6.66 93
809 2019-02-03 17:00:00 8.4 92 7.56 89
810 2019-02-03 18:00:00 9.5 91 8.55 88
811 2019-02-03 19:00:00 11.2 88 10.08 85
812 2019-02-03 20:00:00 11.8 87 10.62 84
813 2019-02-03 21:00:00 11.9 87 10.71 84
814 2019-02-03 22:00:00 11.9 87 10.71 84
815 2019-02-03 23:00:00 10 89 9 86
816 2019-02-04 00:00:00 6.6 94 5.94 91
817 2019-02-04 01:00:00 4.7 97 4.23 94
818 2019-02-04 02:00:00 3.4 98 3.06 95
819 2019-02-04 03:00:00 4.3 97 3.87 94
820 2019-02-04 04:00:00 5.6 95 5.04 92
821 2019-02-04 05:00:00 4.4 95 3.96 92
822 2019-02-04 06:00:00 4 96 3.6 93
823 2019-02-04 07:00:00 5.3 95 4.77 92
824 2019-02-04 08:00:00 6.8 93 6.12 90
825 2019-02-04 09:00:00 7.5 92 6.75 89
826 2019-02-04 10:00:00 8 92 7.2 89
827 2019-02-04 11:00:00 8.8 92 7.92 89
828 2019-02-04 12:00:00 9.5 92 8.55 89
829 2019-02-04 13:00:00 9.5 94 8.55 91
830 2019-02-04 14:00:00 9.6 95 8.64 92
831 2019-02-04 15:00:00 9.8 96 8.82 93
832 2019-02-04 16:00:00 9.9 97 8.91 94
833 2019-02-04 17:00:00 10.7 97 9.63 94
834 2019-02-04 18:00:00 11.5 97 10.35 94
835 2019-02-04 19:00:00 11.8 97 10.62 94
836 2019-02-04 20:00:00 12.3 97 11.07 94
837 2019-02-04 21:00:00 12.2 96 10.98 93
838 2019-02-04 22:00:00 11.1 97 9.99 94
839 2019-02-04 23:00:00 7.7 98 6.93 95
840 2019-02-05 00:00:00 5.1 99 4.59 96
841 2019-02-05 01:00:00 3.4 97 3.06 94
842 2019-02-05 02:00:00 2.2 96 1.98 93
843 2019-02-05 03:00:00 1 95 0.9 92
844 2019-02-05 04:00:00 0.3 96 0.27 93
845 2019-02-05 05:00:00 -0.4 95 -0.36 92
846 2019-02-05 06:00:00 -0.7 94 -0.63 91
847 2019-02-05 07:00:00 -1.1 93 -0.99 90
848 2019-02-05 08:00:00 -1.6 92 -1.44 89
849 2019-02-05 09:00:00 -2.3 92 -2.07 89
850 2019-02-05 10:00:00 -2.9 90 -2.61 87
851 2019-02-05 11:00:00 -3.1 90 -2.79 87
852 2019-02-05 12:00:00 -3.3 91 -2.97 88
853 2019-02-05 13:00:00 -3.3 92 -2.97 89
854 2019-02-05 14:00:00 -3.3 92 -2.97 89
855 2019-02-05 15:00:00 -2.9 92 -2.61 89
856 2019-02-05 16:00:00 -2.6 91 -2.34 88
857 2019-02-05 17:00:00 -1.7 91 -1.53 88
858 2019-02-05 18:00:00 -9999 -9999 -8999.1 -10002
859 2019-02-05 19:00:00 -9999 -9999 -8999.1 -10002
860 2019-02-05 20:00:00 -9999 -9999 -8999.1 -10002
861 2019-02-05 21:00:00 -9999 -9999 -8999.1 -10002
862 2019-02-05 22:00:00 0.3 92 0.27 89
863 2019-02-05 23:00:00 0.3 94 0.27 91
864 2019-02-06 00:00:00 0.4 95 0.36 92
865 2019-02-06 01:00:00 0.5 97 0.45 94
866 2019-02-06 02:00:00 0.7 98 0.63 95
867 2019-02-06 03:00:00 0.9 99 0.81 96
868 2019-02-06 04:00:00 1 99 0.9 96
869 2019-02-06 05:00:00 1 100 0.9 97
870 2019-02-06 06:00:00 1.4 100 1.26 97
871 2019-02-06 07:00:00 1.7 100 1.53 97
872 2019-02-06 08:00:00 1.3 100 1.17 97
873 2019-02-06 09:00:00 1.2 100 1.08 97
874 2019-02-06 10:00:00 1.2 100 1.08 97
875 2019-02-06 11:00:00 1 100 0.9 97
876 2019-02-06 12:00:00 1 100 0.9 97
877 2019-02-06 13:00:00 1.1 100 0.99 97
878 2019-02-06 14:00:00 1.1 100 0.99 97
879 2019-02-06 15:00:00 1 100 0.9 97
880 2019-02-06 16:00:00 1.1 99 0.99 96
881 2019-02-06 17:00:00 1.5 98 1.35 95
882 2019-02-06 18:00:00 2.1 96 1.89 93
883 2019-02-06 19:00:00 2.5 95 2.25 92
884 2019-02-06 20:00:00 -9999 -9999 -8999.1 -10002
885 2019-02-06 21:00:00 -9999 -9999 -8999.1 -10002
886 2019-02-06 22:00:00 2.9 93 2.61 90
887 2019-02-06 23:00:00 2.5 96 2.25 93
888 2019-02-07 00:00:00 2.3 98 2.07 95
889 2019-02-07 01:00:00 2.4 99 2.16 96
890 2019-02-07 02:00:00 2.4 99 2.16 96
891 2019-02-07 03:00:00 2.5 99 2.25 96
892 2019-02-07 04:00:00 2.7 99 2.43 96
893 2019-02-07 05:00:00 2.8 99 2.52 96
894 2019-02-07 06:00:00 2.7 99 2.43 96
895 2019-02-07 07:00:00 2.8 100 2.52 97
896 2019-02-07 08:00:00 3.1 100 2.79 97
897 2019-02-07 09:00:00 3.2 100 2.88 97
898 2019-02-07 10:00:00 3.6 100 3.24 97
899 2019-02-07 11:00:00 3.8 100 3.42 97
900 2019-02-07 12:00:00 4.8 100 4.32 97
901 2019-02-07 13:00:00 5.8 100 5.22 97
902 2019-02-07 14:00:00 6 100 5.4 97
903 2019-02-07 15:00:00 7.3 100 6.57 97
904 2019-02-07 16:00:00 8.8 100 7.92 97
905 2019-02-07 17:00:00 9.3 100 8.37 97
906 2019-02-07 18:00:00 11.1 100 9.99 97
907 2019-02-07 19:00:00 9.1 100 8.19 97
908 2019-02-07 20:00:00 3.8 100 3.42 97
909 2019-02-07 21:00:00 1.4 100 1.26 97
910 2019-02-07 22:00:00 -0.5 98 -0.45 95
911 2019-02-07 23:00:00 -1.4 95 -1.26 92
912 2019-02-08 00:00:00 -2.5 89 -2.25 86
913 2019-02-08 01:00:00 -4.1 86 -3.69 83
914 2019-02-08 02:00:00 -5.2 83 -4.68 80
915 2019-02-08 03:00:00 -6.4 80 -5.76 77
916 2019-02-08 04:00:00 -7.5 78 -6.75 75
917 2019-02-08 05:00:00 -8.3 77 -7.47 74
918 2019-02-08 06:00:00 -9 76 -8.1 73
919 2019-02-08 07:00:00 -9.2 77 -8.28 74
920 2019-02-08 08:00:00 -9.9 75 -8.91 72
921 2019-02-08 09:00:00 -10.1 75 -9.09 72
922 2019-02-08 10:00:00 -10.6 75 -9.54 72
923 2019-02-08 11:00:00 -10.7 75 -9.63 72
924 2019-02-08 12:00:00 -11 76 -9.9 73
925 2019-02-08 13:00:00 -11.5 74 -10.35 71
926 2019-02-08 14:00:00 -11.6 74 -10.44 71
927 2019-02-08 15:00:00 -11.2 72 -10.08 69
928 2019-02-08 16:00:00 -10.7 72 -9.63 69
929 2019-02-08 17:00:00 -9.9 70 -8.91 67
930 2019-02-08 18:00:00 -9.1 69 -8.19 66
931 2019-02-08 19:00:00 -8.7 67 -7.83 64
932 2019-02-08 20:00:00 -8.1 66 -7.29 63
933 2019-02-08 21:00:00 -7.7 65 -6.93 62
934 2019-02-08 22:00:00 -8 64 -7.2 61
935 2019-02-08 23:00:00 -8.3 65 -7.47 62
936 2019-02-09 00:00:00 -9.2 67 -8.28 64
937 2019-02-09 01:00:00 -9.7 71 -8.73 68
938 2019-02-09 02:00:00 -9.9 74 -8.91 71
939 2019-02-09 03:00:00 -10.1 76 -9.09 73
940 2019-02-09 04:00:00 -10.5 75 -9.45 72
941 2019-02-09 05:00:00 -10.8 77 -9.72 74
942 2019-02-09 06:00:00 -11.2 76 -10.08 73
943 2019-02-09 07:00:00 -11.5 75 -10.35 72
944 2019-02-09 08:00:00 -11.9 76 -10.71 73
945 2019-02-09 09:00:00 -12.2 77 -10.98 74
946 2019-02-09 10:00:00 -12.4 78 -11.16 75
947 2019-02-09 11:00:00 -12.7 78 -11.43 75
948 2019-02-09 12:00:00 -13 79 -11.7 76
949 2019-02-09 13:00:00 -13.2 80 -11.88 77
950 2019-02-09 14:00:00 -12.7 80 -11.43 77
951 2019-02-09 15:00:00 -11.3 77 -10.17 74
952 2019-02-09 16:00:00 -9.7 71 -8.73 68
953 2019-02-09 17:00:00 -7.9 68 -7.11 65
954 2019-02-09 18:00:00 -6.2 64 -5.58 61
955 2019-02-09 19:00:00 -4.7 61 -4.23 58
956 2019-02-09 20:00:00 -3.8 59 -3.42 56
957 2019-02-09 21:00:00 -3.4 59 -3.06 56
958 2019-02-09 22:00:00 -3.2 58 -2.88 55
959 2019-02-09 23:00:00 -3.6 62 -3.24 59
960 2019-02-10 00:00:00 -4.3 67 -3.87 64
961 2019-02-10 01:00:00 -4.9 75 -4.41 72
962 2019-02-10 02:00:00 -5 76 -4.5 73
963 2019-02-10 03:00:00 -5.3 79 -4.77 76
964 2019-02-10 04:00:00 -4.4 75 -3.96 72
965 2019-02-10 05:00:00 -4.2 75 -3.78 72
966 2019-02-10 06:00:00 -4.3 75 -3.87 72
967 2019-02-10 07:00:00 -5 78 -4.5 75
968 2019-02-10 08:00:00 -6.1 84 -5.49 81
969 2019-02-10 09:00:00 -6 85 -5.4 82
970 2019-02-10 10:00:00 -5.8 83 -5.22 80
971 2019-02-10 11:00:00 -5.5 82 -4.95 79
972 2019-02-10 12:00:00 -4.9 78 -4.41 75
973 2019-02-10 13:00:00 -4.7 78 -4.23 75
974 2019-02-10 14:00:00 -4.5 79 -4.05 76
975 2019-02-10 15:00:00 -3.9 78 -3.51 75
976 2019-02-10 16:00:00 -3.3 78 -2.97 75
977 2019-02-10 17:00:00 -3.7 88 -3.33 85
978 2019-02-10 18:00:00 -3.1 92 -2.79 89
979 2019-02-10 19:00:00 -2.5 93 -2.25 90
980 2019-02-10 20:00:00 -1.8 94 -1.62 91
981 2019-02-10 21:00:00 -1.2 95 -1.08 92
982 2019-02-10 22:00:00 -0.3 97 -0.27 94
983 2019-02-10 23:00:00 0 98 0 95
984 2019-02-11 00:00:00 0 99 0 96
985 2019-02-11 01:00:00 0.1 99 0.09 96
986 2019-02-11 02:00:00 0.1 100 0.09 97
987 2019-02-11 03:00:00 0.2 100 0.18 97
988 2019-02-11 04:00:00 0.2 100 0.18 97
989 2019-02-11 05:00:00 0.1 100 0.09 97
990 2019-02-11 06:00:00 0.1 100 0.09 97
991 2019-02-11 07:00:00 0.1 100 0.09 97
992 2019-02-11 08:00:00 0 100 0 97
993 2019-02-11 09:00:00 -0.1 100 -0.09 97
994 2019-02-11 10:00:00 -0.3 100 -0.27 97
995 2019-02-11 11:00:00 -0.6 100 -0.54 97
996 2019-02-11 12:00:00 -0.6 100 -0.54 97
997 2019-02-11 13:00:00 -0.8 100 -0.72 97
998 2019-02-11 14:00:00 -0.8 100 -0.72 97
999 2019-02-11 15:00:00 -0.6 99 -0.54 96
1000 2019-02-11 16:00:00 -0.3 98 -0.27 95
1001 2019-02-11 17:00:00 0 97 0 94
1002 2019-02-11 18:00:00 0.3 96 0.27 93
1003 2019-02-11 19:00:00 0.7 96 0.63 93
1004 2019-02-11 20:00:00 1 95 0.9 92
1005 2019-02-11 21:00:00 1.1 95 0.99 92
1006 2019-02-11 22:00:00 -9999 -9999 -8999.1 -10002
1007 2019-02-11 23:00:00 1.2 98 1.08 95
1008 2019-02-12 00:00:00 1.3 98 1.17 95
1009 2019-02-12 01:00:00 1.3 98 1.17 95
1010 2019-02-12 02:00:00 1.2 98 1.08 95
1011 2019-02-12 03:00:00 1.1 98 0.99 95
1012 2019-02-12 04:00:00 1.1 97 0.99 94
1013 2019-02-12 05:00:00 1 97 0.9 94
1014 2019-02-12 06:00:00 1.1 98 0.99 95
1015 2019-02-12 07:00:00 1.2 97 1.08 94
1016 2019-02-12 08:00:00 1.5 98 1.35 95
1017 2019-02-12 09:00:00 1.4 98 1.26 95
1018 2019-02-12 10:00:00 1.4 99 1.26 96
1019 2019-02-12 11:00:00 1.2 100 1.08 97
1020 2019-02-12 12:00:00 1.3 100 1.17 97
1021 2019-02-12 13:00:00 2 100 1.8 97
1022 2019-02-12 14:00:00 1.8 100 1.62 97
1023 2019-02-12 15:00:00 1.2 100 1.08 97
1024 2019-02-12 16:00:00 0.7 99 0.63 96
1025 2019-02-12 17:00:00 0.5 99 0.45 96
1026 2019-02-12 18:00:00 0.7 98 0.63 95
1027 2019-02-12 19:00:00 -0.1 94 -0.09 91
1028 2019-02-12 20:00:00 -0.4 89 -0.36 86
1029 2019-02-12 21:00:00 -9999 -9999 -8999.1 -10002
1030 2019-02-12 22:00:00 -9999 -9999 -8999.1 -10002
1031 2019-02-12 23:00:00 -1 81 -0.9 78
1032 2019-02-13 00:00:00 -1.5 83 -1.35 80
1033 2019-02-13 01:00:00 -1.7 81 -1.53 78
1034 2019-02-13 02:00:00 -2.1 80 -1.89 77
1035 2019-02-13 03:00:00 -2.4 79 -2.16 76
1036 2019-02-13 04:00:00 -3.2 79 -2.88 76
1037 2019-02-13 05:00:00 -9999 -9999 -8999.1 -10002
1038 2019-02-13 06:00:00 -4.7 79 -4.23 76
1039 2019-02-13 07:00:00 -5.4 79 -4.86 76
1040 2019-02-13 08:00:00 -6 78 -5.4 75
1041 2019-02-13 09:00:00 -6.5 79 -5.85 76
1042 2019-02-13 10:00:00 -6.9 79 -6.21 76
1043 2019-02-13 11:00:00 -7.4 79 -6.66 76
1044 2019-02-13 12:00:00 -7.7 80 -6.93 77
1045 2019-02-13 13:00:00 -8 81 -7.2 78
1046 2019-02-13 14:00:00 -7.8 81 -7.02 78
1047 2019-02-13 15:00:00 -6.7 80 -6.03 77
1048 2019-02-13 16:00:00 -5.4 78 -4.86 75
1049 2019-02-13 17:00:00 -4 75 -3.6 72
1050 2019-02-13 18:00:00 -2.8 73 -2.52 70
1051 2019-02-13 19:00:00 -2.2 73 -1.98 70
1052 2019-02-13 20:00:00 -1.6 72 -1.44 69
1053 2019-02-13 21:00:00 -0.9 70 -0.81 67
1054 2019-02-13 22:00:00 -0.6 71 -0.54 68
1055 2019-02-13 23:00:00 -0.3 73 -0.27 70
1056 2019-02-14 00:00:00 -0.5 79 -0.45 76
1057 2019-02-14 01:00:00 -0.2 79 -0.18 76
1058 2019-02-14 02:00:00 0.1 78 0.09 75
1059 2019-02-14 03:00:00 0.2 79 0.18 76
1060 2019-02-14 04:00:00 0.5 80 0.45 77
1061 2019-02-14 05:00:00 1 80 0.9 77
1062 2019-02-14 06:00:00 1.6 79 1.44 76
1063 2019-02-14 07:00:00 2.1 77 1.89 74
1064 2019-02-14 08:00:00 2.3 77 2.07 74
1065 2019-02-14 09:00:00 2.5 76 2.25 73
1066 2019-02-14 10:00:00 2.4 77 2.16 74
1067 2019-02-14 11:00:00 2.1 79 1.89 76
1068 2019-02-14 12:00:00 2.5 79 2.25 76
1069 2019-02-14 13:00:00 2.4 79 2.16 76
1070 2019-02-14 14:00:00 2.3 81 2.07 78
1071 2019-02-14 15:00:00 2.9 79 2.61 76
1072 2019-02-14 16:00:00 3.5 79 3.15 76
1073 2019-02-14 17:00:00 5.7 76 5.13 73
1074 2019-02-14 18:00:00 7.5 73 6.75 70
1075 2019-02-14 19:00:00 8.7 72 7.83 69
1076 2019-02-14 20:00:00 9.2 74 8.28 71
1077 2019-02-14 21:00:00 9.7 74 8.73 71
1078 2019-02-14 22:00:00 8.6 79 7.74 76
1079 2019-02-14 23:00:00 7.4 84 6.66 81
1080 2019-02-15 00:00:00 5.7 89 5.13 86
1081 2019-02-15 01:00:00 5.2 91 4.68 88
1082 2019-02-15 02:00:00 4.3 93 3.87 90
1083 2019-02-15 03:00:00 4.8 87 4.32 84
1084 2019-02-15 04:00:00 2 87 1.8 84
1085 2019-02-15 05:00:00 0.4 90 0.36 87
1086 2019-02-15 06:00:00 -0.5 91 -0.45 88
1087 2019-02-15 07:00:00 -1.8 87 -1.62 84
1088 2019-02-15 08:00:00 -3.1 86 -2.79 83
1089 2019-02-15 09:00:00 -4.4 86 -3.96 83
1090 2019-02-15 10:00:00 -5.9 86 -5.31 83
1091 2019-02-15 11:00:00 -7.3 84 -6.57 81
1092 2019-02-15 12:00:00 -8 84 -7.2 81
1093 2019-02-15 13:00:00 -8.6 83 -7.74 80
1094 2019-02-15 14:00:00 -8.6 82 -7.74 79
1095 2019-02-15 15:00:00 -8.3 80 -7.47 77
1096 2019-02-15 16:00:00 -7.4 75 -6.66 72
1097 2019-02-15 17:00:00 -6.9 73 -6.21 70
1098 2019-02-15 18:00:00 -7 71 -6.3 68
1099 2019-02-15 19:00:00 -7 71 -6.3 68
1100 2019-02-15 20:00:00 -6.8 71 -6.12 68
1101 2019-02-15 21:00:00 -6.2 70 -5.58 67
1102 2019-02-15 22:00:00 -5.2 68 -4.68 65
1103 2019-02-15 23:00:00 -5.2 70 -4.68 67
1104 2019-02-16 00:00:00 -5.4 74 -4.86 71
1105 2019-02-16 01:00:00 -5.9 77 -5.31 74
1106 2019-02-16 02:00:00 -6.5 82 -5.85 79
1107 2019-02-16 03:00:00 -6.6 83 -5.94 80
1108 2019-02-16 04:00:00 -6.7 85 -6.03 82
1109 2019-02-16 05:00:00 -6.9 84 -6.21 81
1110 2019-02-16 06:00:00 -7.6 84 -6.84 81
1111 2019-02-16 07:00:00 -8.1 84 -7.29 81
1112 2019-02-16 08:00:00 -8.3 84 -7.47 81
1113 2019-02-16 09:00:00 -8.3 83 -7.47 80
1114 2019-02-16 10:00:00 -8.9 84 -8.01 81
1115 2019-02-16 11:00:00 -9.3 84 -8.37 81
1116 2019-02-16 12:00:00 -9.6 87 -8.64 84
1117 2019-02-16 13:00:00 -8.9 89 -8.01 86
1118 2019-02-16 14:00:00 -7.5 88 -6.75 85
1119 2019-02-16 15:00:00 -5.5 84 -4.95 81
1120 2019-02-16 16:00:00 -4.1 78 -3.69 75
1121 2019-02-16 17:00:00 -3.3 73 -2.97 70
1122 2019-02-16 18:00:00 -2.4 70 -2.16 67
1123 2019-02-16 19:00:00 -1.1 67 -0.99 64
1124 2019-02-16 20:00:00 -0.1 65 -0.09 62
1125 2019-02-16 21:00:00 0.3 66 0.27 63
1126 2019-02-16 22:00:00 -0.1 68 -0.09 65
1127 2019-02-16 23:00:00 -0.9 73 -0.81 70
1128 2019-02-17 00:00:00 -1.8 77 -1.62 74
1129 2019-02-17 01:00:00 -2.4 80 -2.16 77
1130 2019-02-17 02:00:00 -2.7 82 -2.43 79
1131 2019-02-17 03:00:00 -3.2 83 -2.88 80
1132 2019-02-17 04:00:00 -3.5 84 -3.15 81
1133 2019-02-17 05:00:00 -3.9 86 -3.51 83
1134 2019-02-17 06:00:00 -3.9 87 -3.51 84
1135 2019-02-17 07:00:00 -3.8 87 -3.42 84
1136 2019-02-17 08:00:00 -3.7 87 -3.33 84
1137 2019-02-17 09:00:00 -3.5 86 -3.15 83
1138 2019-02-17 10:00:00 -3.6 88 -3.24 85
1139 2019-02-17 11:00:00 -3.7 91 -3.33 88
1140 2019-02-17 12:00:00 -3.4 92 -3.06 89
1141 2019-02-17 13:00:00 -3.5 93 -3.15 90
1142 2019-02-17 14:00:00 -3.3 92 -2.97 89
1143 2019-02-17 15:00:00 -3.1 93 -2.79 90
1144 2019-02-17 16:00:00 -2.7 94 -2.43 91
1145 2019-02-17 17:00:00 -2.3 96 -2.07 93
1146 2019-02-17 18:00:00 -1.8 95 -1.62 92
1147 2019-02-17 19:00:00 -1.4 95 -1.26 92
1148 2019-02-17 20:00:00 -1.3 93 -1.17 90
1149 2019-02-17 21:00:00 -1.1 93 -0.99 90
1150 2019-02-17 22:00:00 -0.9 94 -0.81 91
1151 2019-02-17 23:00:00 -0.9 95 -0.81 92
1152 2019-02-18 00:00:00 -0.8 96 -0.72 93
1153 2019-02-18 01:00:00 -1 96 -0.9 93
1154 2019-02-18 02:00:00 -1.2 95 -1.08 92
1155 2019-02-18 03:00:00 -1.5 93 -1.35 90
1156 2019-02-18 04:00:00 -2.1 93 -1.89 90
1157 2019-02-18 05:00:00 -2.1 93 -1.89 90
1158 2019-02-18 06:00:00 -2.1 93 -1.89 90
1159 2019-02-18 07:00:00 -2.4 91 -2.16 88
1160 2019-02-18 08:00:00 -2.6 90 -2.34 87
1161 2019-02-18 09:00:00 -3.1 90 -2.79 87
1162 2019-02-18 10:00:00 -3 91 -2.7 88
1163 2019-02-18 11:00:00 -2.9 92 -2.61 89
1164 2019-02-18 12:00:00 -3.7 92 -3.33 89
1165 2019-02-18 13:00:00 -4.5 90 -4.05 87
1166 2019-02-18 14:00:00 -4.4 89 -3.96 86
1167 2019-02-18 15:00:00 -4.2 89 -3.78 86
1168 2019-02-18 16:00:00 -4.1 89 -3.69 86
1169 2019-02-18 17:00:00 -3.7 88 -3.33 85
1170 2019-02-18 18:00:00 -3 87 -2.7 84
1171 2019-02-18 19:00:00 -2.5 86 -2.25 83
1172 2019-02-18 20:00:00 -2.3 84 -2.07 81
1173 2019-02-18 21:00:00 -2 80 -1.8 77
1174 2019-02-18 22:00:00 -2 78 -1.8 75
1175 2019-02-18 23:00:00 -2.2 79 -1.98 76
1176 2019-02-19 00:00:00 -2.5 81 -2.25 78
1177 2019-02-19 01:00:00 -2.4 78 -2.16 75
1178 2019-02-19 02:00:00 -2.5 79 -2.25 76
1179 2019-02-19 03:00:00 -2.9 80 -2.61 77
1180 2019-02-19 04:00:00 -4.5 88 -4.05 85
1181 2019-02-19 05:00:00 -5.4 91 -4.86 88
1182 2019-02-19 06:00:00 -5.3 90 -4.77 87
1183 2019-02-19 07:00:00 -5.6 87 -5.04 84
1184 2019-02-19 08:00:00 -5.9 88 -5.31 85
1185 2019-02-19 09:00:00 -6.1 88 -5.49 85
1186 2019-02-19 10:00:00 -6.2 88 -5.58 85
1187 2019-02-19 11:00:00 -6.7 89 -6.03 86
1188 2019-02-19 12:00:00 -7.2 91 -6.48 88
1189 2019-02-19 13:00:00 -7.3 92 -6.57 89
1190 2019-02-19 14:00:00 -6.2 90 -5.58 87
1191 2019-02-19 15:00:00 -3.9 86 -3.51 83
1192 2019-02-19 16:00:00 -2.2 86 -1.98 83
1193 2019-02-19 17:00:00 -0.5 82 -0.45 79
1194 2019-02-19 18:00:00 0.6 71 0.54 68
1195 2019-02-19 19:00:00 0.5 69 0.45 66
1196 2019-02-19 20:00:00 0.8 68 0.72 65
1197 2019-02-19 21:00:00 1 68 0.9 65
1198 2019-02-19 22:00:00 0.6 69 0.54 66
1199 2019-02-19 23:00:00 0.3 68 0.27 65
1200 2019-02-20 00:00:00 -0.1 71 -0.09 68
1201 2019-02-20 01:00:00 -0.4 71 -0.36 68
1202 2019-02-20 02:00:00 -0.5 74 -0.45 71
1203 2019-02-20 03:00:00 -0.6 75 -0.54 72
1204 2019-02-20 04:00:00 -0.6 76 -0.54 73
1205 2019-02-20 05:00:00 -0.7 76 -0.63 73
1206 2019-02-20 06:00:00 -0.6 78 -0.54 75
1207 2019-02-20 07:00:00 -0.7 81 -0.63 78
1208 2019-02-20 08:00:00 -0.8 86 -0.72 83
1209 2019-02-20 09:00:00 -0.4 92 -0.36 89
1210 2019-02-20 10:00:00 0 95 0 92
1211 2019-02-20 11:00:00 0.4 96 0.36 93
1212 2019-02-20 12:00:00 0.5 97 0.45 94
1213 2019-02-20 13:00:00 0.7 98 0.63 95
1214 2019-02-20 14:00:00 0.7 98 0.63 95
1215 2019-02-20 15:00:00 1 98 0.9 95
1216 2019-02-20 16:00:00 1.3 98 1.17 95
1217 2019-02-20 17:00:00 1.7 99 1.53 96
1218 2019-02-20 18:00:00 2.1 99 1.89 96
1219 2019-02-20 19:00:00 3.1 99 2.79 96
1220 2019-02-20 20:00:00 3.7 99 3.33 96
1221 2019-02-20 21:00:00 3.9 97 3.51 94
1222 2019-02-20 22:00:00 3.6 96 3.24 93
1223 2019-02-20 23:00:00 2.8 94 2.52 91
1224 2019-02-21 00:00:00 2.6 91 2.34 88
1225 2019-02-21 01:00:00 2.3 88 2.07 85
1226 2019-02-21 02:00:00 1.8 86 1.62 83
1227 2019-02-21 03:00:00 1.6 87 1.44 84
1228 2019-02-21 04:00:00 1.6 86 1.44 83
1229 2019-02-21 05:00:00 1.3 83 1.17 80
1230 2019-02-21 06:00:00 1.1 83 0.99 80
1231 2019-02-21 07:00:00 1 84 0.9 81
1232 2019-02-21 08:00:00 0.7 86 0.63 83
1233 2019-02-21 09:00:00 0.2 88 0.18 85
1234 2019-02-21 10:00:00 -0.4 91 -0.36 88
1235 2019-02-21 11:00:00 -0.6 92 -0.54 89
1236 2019-02-21 12:00:00 -1.4 94 -1.26 91
1237 2019-02-21 13:00:00 -1.8 94 -1.62 91
1238 2019-02-21 14:00:00 -0.9 95 -0.81 92
1239 2019-02-21 15:00:00 0.5 92 0.45 89
1240 2019-02-21 16:00:00 1.5 85 1.35 82
1241 2019-02-21 17:00:00 2.1 81 1.89 78
1242 2019-02-21 18:00:00 2.9 74 2.61 71
1243 2019-02-21 19:00:00 2.9 73 2.61 70
1244 2019-02-21 20:00:00 2.8 73 2.52 70
1245 2019-02-21 21:00:00 2.5 73 2.25 70
1246 2019-02-21 22:00:00 2.3 75 2.07 72
1247 2019-02-21 23:00:00 1.6 81 1.44 78
1248 2019-02-22 00:00:00 0.4 88 0.36 85
1249 2019-02-22 01:00:00 0 90 0 87
1250 2019-02-22 02:00:00 0 91 0 88
1251 2019-02-22 03:00:00 -0.3 89 -0.27 86
1252 2019-02-22 04:00:00 -0.5 86 -0.45 83
1253 2019-02-22 05:00:00 -0.7 87 -0.63 84
1254 2019-02-22 06:00:00 -0.8 88 -0.72 85
1255 2019-02-22 07:00:00 -0.9 89 -0.81 86
1256 2019-02-22 08:00:00 -1 90 -0.9 87
1257 2019-02-22 09:00:00 -1.1 88 -0.99 85
1258 2019-02-22 10:00:00 -1.2 87 -1.08 84
1259 2019-02-22 11:00:00 -1.5 89 -1.35 86
1260 2019-02-22 12:00:00 -1.9 89 -1.71 86
1261 2019-02-22 13:00:00 -2.2 87 -1.98 84
1262 2019-02-22 14:00:00 -1.9 87 -1.71 84
1263 2019-02-22 15:00:00 -0.5 81 -0.45 78
1264 2019-02-22 16:00:00 0.5 76 0.45 73
1265 2019-02-22 17:00:00 1.6 75 1.44 72
1266 2019-02-22 18:00:00 3 72 2.7 69
1267 2019-02-22 19:00:00 3.6 68 3.24 65
1268 2019-02-22 20:00:00 4.7 68 4.23 65
1269 2019-02-22 21:00:00 5.2 68 4.68 65
1270 2019-02-22 22:00:00 5.1 67 4.59 64
1271 2019-02-22 23:00:00 4.5 72 4.05 69
1272 2019-02-23 00:00:00 3.5 76 3.15 73
1273 2019-02-23 01:00:00 3 78 2.7 75
1274 2019-02-23 02:00:00 2.8 80 2.52 77
1275 2019-02-23 03:00:00 2.4 82 2.16 79
1276 2019-02-23 04:00:00 2.1 83 1.89 80
1277 2019-02-23 05:00:00 1.8 83 1.62 80
1278 2019-02-23 06:00:00 1.8 83 1.62 80
1279 2019-02-23 07:00:00 1.9 85 1.71 82
1280 2019-02-23 08:00:00 2 85 1.8 82
1281 2019-02-23 09:00:00 1.9 85 1.71 82
1282 2019-02-23 10:00:00 2 84 1.8 81
1283 2019-02-23 11:00:00 2 84 1.8 81
1284 2019-02-23 12:00:00 2.1 87 1.89 84
1285 2019-02-23 13:00:00 2.2 87 1.98 84
1286 2019-02-23 14:00:00 2.7 89 2.43 86
1287 2019-02-23 15:00:00 3.2 90 2.88 87
1288 2019-02-23 16:00:00 4.3 90 3.87 87
1289 2019-02-23 17:00:00 5.7 92 5.13 89
1290 2019-02-23 18:00:00 6.4 94 5.76 91
1291 2019-02-23 19:00:00 7.6 94 6.84 91
1292 2019-02-23 20:00:00 7.8 93 7.02 90
1293 2019-02-23 21:00:00 7.8 95 7.02 92
1294 2019-02-23 22:00:00 7.3 98 6.57 95
1295 2019-02-23 23:00:00 7.7 99 6.93 96
1296 2019-02-24 00:00:00 7.6 99 6.84 96
1297 2019-02-24 01:00:00 7.8 100 7.02 97
1298 2019-02-24 02:00:00 7.6 100 6.84 97
1299 2019-02-24 03:00:00 9.2 100 8.28 97
1300 2019-02-24 04:00:00 11.3 100 10.17 97
1301 2019-02-24 05:00:00 -9999 97 -8999.1 94
1302 2019-02-24 06:00:00 9.6 94 8.64 91
1303 2019-02-24 07:00:00 6.8 95 6.12 92
1304 2019-02-24 08:00:00 8.7 80 7.83 77
1305 2019-02-24 09:00:00 6.2 77 5.58 74
1306 2019-02-24 10:00:00 2.7 84 2.43 81
1307 2019-02-24 11:00:00 1.6 90 1.44 87
1308 2019-02-24 12:00:00 0.9 88 0.81 85
1309 2019-02-24 13:00:00 0.6 83 0.54 80
1310 2019-02-24 14:00:00 0.3 82 0.27 79
1311 2019-02-24 15:00:00 0 81 0 78
1312 2019-02-24 16:00:00 -0.5 79 -0.45 76
1313 2019-02-24 17:00:00 -0.1 76 -0.09 73
1314 2019-02-24 18:00:00 0.3 74 0.27 71
1315 2019-02-24 19:00:00 0.6 71 0.54 68
1316 2019-02-24 20:00:00 0.5 72 0.45 69
1317 2019-02-24 21:00:00 -0.3 71 -0.27 68
1318 2019-02-24 22:00:00 -0.5 72 -0.45 69
1319 2019-02-24 23:00:00 -1.2 71 -1.08 68
1320 2019-02-25 00:00:00 -2.1 71 -1.89 68
1321 2019-02-25 01:00:00 -2.6 72 -2.34 69
1322 2019-02-25 02:00:00 -3.3 72 -2.97 69
1323 2019-02-25 03:00:00 -3.9 72 -3.51 69
1324 2019-02-25 04:00:00 -4.6 71 -4.14 68
1325 2019-02-25 05:00:00 -5.7 70 -5.13 67
1326 2019-02-25 06:00:00 -6.6 71 -5.94 68
1327 2019-02-25 07:00:00 -7.5 73 -6.75 70
1328 2019-02-25 08:00:00 -8 73 -7.2 70
1329 2019-02-25 09:00:00 -8.4 72 -7.56 69
1330 2019-02-25 10:00:00 -8.9 71 -8.01 68
1331 2019-02-25 11:00:00 -9.2 73 -8.28 70
1332 2019-02-25 12:00:00 -9.5 70 -8.55 67
1333 2019-02-25 13:00:00 -9.6 73 -8.64 70
1334 2019-02-25 14:00:00 -9.2 74 -8.28 71
1335 2019-02-25 15:00:00 -8.1 65 -7.29 62
1336 2019-02-25 16:00:00 -7 57 -6.3 54
1337 2019-02-25 17:00:00 -5.6 52 -5.04 49
1338 2019-02-25 18:00:00 -4.6 49 -4.14 46
1339 2019-02-25 19:00:00 -3.5 47 -3.15 44
1340 2019-02-25 20:00:00 -2.8 47 -2.52 44
1341 2019-02-25 21:00:00 -2.2 48 -1.98 45
1342 2019-02-25 22:00:00 -1.9 50 -1.71 47
1343 2019-02-25 23:00:00 -1.7 54 -1.53 51
1344 2019-02-26 00:00:00 -1.7 55 -1.53 52
1345 2019-02-26 01:00:00 -1.8 57 -1.62 54
1346 2019-02-26 02:00:00 -1.9 62 -1.71 59
1347 2019-02-26 03:00:00 -1.9 68 -1.71 65
1348 2019-02-26 04:00:00 -2 66 -1.8 63
1349 2019-02-26 05:00:00 -1.9 66 -1.71 63
1350 2019-02-26 06:00:00 -2 71 -1.8 68
1351 2019-02-26 07:00:00 -2.7 75 -2.43 72
1352 2019-02-26 08:00:00 -3.2 78 -2.88 75
1353 2019-02-26 09:00:00 -3.7 80 -3.33 77
1354 2019-02-26 10:00:00 -4 78 -3.6 75
1355 2019-02-26 11:00:00 -4.1 77 -3.69 74
1356 2019-02-26 12:00:00 -4.2 78 -3.78 75
1357 2019-02-26 13:00:00 -4.4 76 -3.96 73
1358 2019-02-26 14:00:00 -4.3 74 -3.87 71
1359 2019-02-26 15:00:00 -3.4 66 -3.06 63
1360 2019-02-26 16:00:00 -1.9 59 -1.71 56
1361 2019-02-26 17:00:00 -0.6 58 -0.54 55
1362 2019-02-26 18:00:00 0.7 56 0.63 53
1363 2019-02-26 19:00:00 1.8 54 1.62 51
1364 2019-02-26 20:00:00 2.8 53 2.52 50
1365 2019-02-26 21:00:00 3.6 54 3.24 51
1366 2019-02-26 22:00:00 3.7 56 3.33 53
1367 2019-02-26 23:00:00 3.2 59 2.88 56
1368 2019-02-27 00:00:00 1.4 67 1.26 64
1369 2019-02-27 01:00:00 0.1 78 0.09 75
1370 2019-02-27 02:00:00 -0.2 77 -0.18 74
1371 2019-02-27 03:00:00 -0.6 77 -0.54 74
1372 2019-02-27 04:00:00 -1 80 -0.9 77
1373 2019-02-27 05:00:00 -1.3 83 -1.17 80
1374 2019-02-27 06:00:00 -1.2 86 -1.08 83
1375 2019-02-27 07:00:00 -0.6 84 -0.54 81
1376 2019-02-27 08:00:00 -0.3 84 -0.27 81
1377 2019-02-27 09:00:00 0.1 83 0.09 80
1378 2019-02-27 10:00:00 0.1 84 0.09 81
1379 2019-02-27 11:00:00 0.3 83 0.27 80
1380 2019-02-27 12:00:00 0.4 81 0.36 78
1381 2019-02-27 13:00:00 -0.1 85 -0.09 82
1382 2019-02-27 14:00:00 -0.3 88 -0.27 85
1383 2019-02-27 15:00:00 -0.1 86 -0.09 83
1384 2019-02-27 16:00:00 0 85 0 82
1385 2019-02-27 17:00:00 0 84 0 81
1386 2019-02-27 18:00:00 0.8 80 0.72 77
1387 2019-02-27 19:00:00 1.4 76 1.26 73
1388 2019-02-27 20:00:00 0.7 76 0.63 73
1389 2019-02-27 21:00:00 -0.3 78 -0.27 75
1390 2019-02-27 22:00:00 -1.3 83 -1.17 80
1391 2019-02-27 23:00:00 -1.9 84 -1.71 81
1392 2019-02-28 00:00:00 -2.1 83 -1.89 80
1393 2019-02-28 01:00:00 -2.7 79 -2.43 76
1394 2019-02-28 02:00:00 -3.3 77 -2.97 74
1395 2019-02-28 03:00:00 -4.3 78 -3.87 75
1396 2019-02-28 04:00:00 -5.1 78 -4.59 75
1397 2019-02-28 05:00:00 -5.9 81 -5.31 78
1398 2019-02-28 06:00:00 -6.3 82 -5.67 79
1399 2019-02-28 07:00:00 -6.2 82 -5.58 79
1400 2019-02-28 08:00:00 -7 80 -6.3 77
1401 2019-02-28 09:00:00 -7.4 81 -6.66 78
1402 2019-02-28 10:00:00 -7.7 82 -6.93 79
1403 2019-02-28 11:00:00 -7.7 83 -6.93 80
1404 2019-02-28 12:00:00 -7.6 82 -6.84 79
1405 2019-02-28 13:00:00 -7.6 81 -6.84 78
1406 2019-02-28 14:00:00 -6.9 78 -6.21 75
1407 2019-02-28 15:00:00 -5.9 76 -5.31 73
1408 2019-02-28 16:00:00 -4.9 74 -4.41 71
1409 2019-02-28 17:00:00 -3.8 69 -3.42 66
1410 2019-02-28 18:00:00 -2.7 66 -2.43 63
1411 2019-02-28 19:00:00 -1.8 65 -1.62 62
1412 2019-02-28 20:00:00 -1 65 -0.9 62
1413 2019-02-28 21:00:00 -1 67 -0.9 64
1414 2019-02-28 22:00:00 -0.9 68 -0.81 65
1415 2019-02-28 23:00:00 -0.9 68 -0.81 65
1416 2019-03-01 00:00:00 -0.9 68 -0.81 65
1417 2019-03-01 01:00:00 -0.9 70 -0.81 67
1418 2019-03-01 02:00:00 -1.1 75 -0.99 72
1419 2019-03-01 03:00:00 -1.3 78 -1.17 75
1420 2019-03-01 04:00:00 -2.8 83 -2.52 80
1421 2019-03-01 05:00:00 -3.4 87 -3.06 84
1422 2019-03-01 06:00:00 -4 89 -3.6 86
1423 2019-03-01 07:00:00 -4.6 90 -4.14 87
1424 2019-03-01 08:00:00 -4.7 91 -4.23 88
1425 2019-03-01 09:00:00 -4.7 91 -4.23 88
1426 2019-03-01 10:00:00 -5 91 -4.5 88
1427 2019-03-01 11:00:00 -5.5 92 -4.95 89
1428 2019-03-01 12:00:00 -5.5 92 -4.95 89
1429 2019-03-01 13:00:00 -5.3 92 -4.77 89
1430 2019-03-01 14:00:00 -4 91 -3.6 88
1431 2019-03-01 15:00:00 -1.9 84 -1.71 81
1432 2019-03-01 16:00:00 0.1 70 0.09 67
1433 2019-03-01 17:00:00 1.8 59 1.62 56
1434 2019-03-01 18:00:00 2.8 54 2.52 51
1435 2019-03-01 19:00:00 3.1 52 2.79 49
1436 2019-03-01 20:00:00 4.1 49 3.69 46
1437 2019-03-01 21:00:00 4.8 51 4.32 48
1438 2019-03-01 22:00:00 4.9 52 4.41 49
1439 2019-03-01 23:00:00 4.8 55 4.32 52
1440 2019-03-02 00:00:00 3.5 62 3.15 59
1441 2019-03-02 01:00:00 1.9 68 1.71 65
1442 2019-03-02 02:00:00 0.4 81 0.36 78
1443 2019-03-02 03:00:00 0.5 81 0.45 78
1444 2019-03-02 04:00:00 -0.4 86 -0.36 83
1445 2019-03-02 05:00:00 -0.5 87 -0.45 84
1446 2019-03-02 06:00:00 -1.3 90 -1.17 87
1447 2019-03-02 07:00:00 -1.6 94 -1.44 91
1448 2019-03-02 08:00:00 -0.3 92 -0.27 89
1449 2019-03-02 09:00:00 0.6 86 0.54 83
1450 2019-03-02 10:00:00 0.6 83 0.54 80
1451 2019-03-02 11:00:00 0.5 82 0.45 79
1452 2019-03-02 12:00:00 0.3 82 0.27 79
1453 2019-03-02 13:00:00 0 86 0 83
1454 2019-03-02 14:00:00 -0.2 85 -0.18 82
1455 2019-03-02 15:00:00 -0.5 83 -0.45 80
1456 2019-03-02 16:00:00 -0.3 78 -0.27 75
1457 2019-03-02 17:00:00 -0.3 75 -0.27 72
1458 2019-03-02 18:00:00 0.2 67 0.18 64
1459 2019-03-02 19:00:00 0.2 65 0.18 62
1460 2019-03-02 20:00:00 0.1 66 0.09 63
1461 2019-03-02 21:00:00 0.6 64 0.54 61
1462 2019-03-02 22:00:00 0.4 65 0.36 62
1463 2019-03-02 23:00:00 0 68 0 65
1464 2019-03-03 00:00:00 -0.4 72 -0.36 69
1465 2019-03-03 01:00:00 -0.7 77 -0.63 74
1466 2019-03-03 02:00:00 -1.1 80 -0.99 77
1467 2019-03-03 03:00:00 -1.3 80 -1.17 77
1468 2019-03-03 04:00:00 -1.5 80 -1.35 77
1469 2019-03-03 05:00:00 -1.6 82 -1.44 79
1470 2019-03-03 06:00:00 -1.6 82 -1.44 79
1471 2019-03-03 07:00:00 -1.7 77 -1.53 74
1472 2019-03-03 08:00:00 -1.9 79 -1.71 76
1473 2019-03-03 09:00:00 -2.2 81 -1.98 78
1474 2019-03-03 10:00:00 -3 87 -2.7 84
1475 2019-03-03 11:00:00 -3.4 89 -3.06 86
1476 2019-03-03 12:00:00 -3.3 89 -2.97 86
1477 2019-03-03 13:00:00 -3.3 88 -2.97 85
1478 2019-03-03 14:00:00 -3.5 87 -3.15 84
1479 2019-03-03 15:00:00 -3.8 87 -3.42 84
1480 2019-03-03 16:00:00 -4.8 90 -4.32 87
1481 2019-03-03 17:00:00 -6.2 90 -5.58 87
1482 2019-03-03 18:00:00 -6.3 89 -5.67 86
1483 2019-03-03 19:00:00 -6.1 87 -5.49 84
1484 2019-03-03 20:00:00 -6.4 85 -5.76 82
1485 2019-03-03 21:00:00 -6.5 81 -5.85 78
1486 2019-03-03 22:00:00 -6.5 68 -5.85 65
1487 2019-03-03 23:00:00 -6.8 61 -6.12 58
1488 2019-03-04 00:00:00 -8.1 63 -7.29 60
1489 2019-03-04 01:00:00 -9 65 -8.1 62
1490 2019-03-04 02:00:00 -10 63 -9 60
1491 2019-03-04 03:00:00 -11.6 64 -10.44 61
1492 2019-03-04 04:00:00 -13 64 -11.7 61
1493 2019-03-04 05:00:00 -14.2 66 -12.78 63
1494 2019-03-04 06:00:00 -14.9 63 -13.41 60
1495 2019-03-04 07:00:00 -15.8 69 -14.22 66
1496 2019-03-04 08:00:00 -16 75 -14.4 72
1497 2019-03-04 09:00:00 -16.5 74 -14.85 71
1498 2019-03-04 10:00:00 -17.1 74 -15.39 71
1499 2019-03-04 11:00:00 -17.8 75 -16.02 72
1500 2019-03-04 12:00:00 -18.6 74 -16.74 71
1501 2019-03-04 13:00:00 -19 76 -17.1 73
1502 2019-03-04 14:00:00 -9999 -9999 -8999.1 -10002
1503 2019-03-04 15:00:00 -9999 -9999 -8999.1 -10002
1504 2019-03-04 16:00:00 -9999 -9999 -8999.1 -10002
1505 2019-03-04 17:00:00 -9999 -9999 -8999.1 -10002
1506 2019-03-04 18:00:00 -9999 -9999 -8999.1 -10002
1507 2019-03-04 19:00:00 -9999 -9999 -8999.1 -10002
1508 2019-03-04 20:00:00 -9999 -9999 -8999.1 -10002
1509 2019-03-04 21:00:00 -9999 -9999 -8999.1 -10002
1510 2019-03-04 22:00:00 -9999 -9999 -8999.1 -10002
1511 2019-03-04 23:00:00 -9999 -9999 -8999.1 -10002
1512 2019-03-05 00:00:00 -9999 -9999 -8999.1 -10002
1513 2019-03-05 01:00:00 -9999 -9999 -8999.1 -10002
1514 2019-03-05 02:00:00 -9999 -9999 -8999.1 -10002
1515 2019-03-05 03:00:00 -9999 -9999 -8999.1 -10002
1516 2019-03-05 04:00:00 -9999 -9999 -8999.1 -10002
1517 2019-03-05 05:00:00 -9999 -9999 -8999.1 -10002
1518 2019-03-05 06:00:00 -9999 -9999 -8999.1 -10002
1519 2019-03-05 07:00:00 -9999 -9999 -8999.1 -10002
1520 2019-03-05 08:00:00 -9999 -9999 -8999.1 -10002
1521 2019-03-05 09:00:00 -9999 -9999 -8999.1 -10002
1522 2019-03-05 10:00:00 -9999 -9999 -8999.1 -10002
1523 2019-03-05 11:00:00 -9999 -9999 -8999.1 -10002
1524 2019-03-05 12:00:00 -9999 -9999 -8999.1 -10002
1525 2019-03-05 13:00:00 -9999 -9999 -8999.1 -10002
1526 2019-03-05 14:00:00 -9999 -9999 -8999.1 -10002
1527 2019-03-05 15:00:00 -9999 -9999 -8999.1 -10002
1528 2019-03-05 16:00:00 -10.3 73 -9.27 70
1529 2019-03-05 17:00:00 -9999 -9999 -8999.1 -10002
1530 2019-03-05 18:00:00 -8.6 71 -7.74 68
1531 2019-03-05 19:00:00 -8 71 -7.2 68
1532 2019-03-05 20:00:00 -7.6 70 -6.84 67
1533 2019-03-05 21:00:00 -7.1 71 -6.39 68
1534 2019-03-05 22:00:00 -7.2 70 -6.48 67
1535 2019-03-05 23:00:00 -7.2 65 -6.48 62
1536 2019-03-06 00:00:00 -7.8 66 -7.02 63
1537 2019-03-06 01:00:00 -9.1 67 -8.19 64
1538 2019-03-06 02:00:00 -9.5 70 -8.55 67
1539 2019-03-06 03:00:00 -10 68 -9 65
1540 2019-03-06 04:00:00 -10.5 69 -9.45 66
1541 2019-03-06 05:00:00 -11.9 73 -10.71 70
1542 2019-03-06 06:00:00 -13.1 75 -11.79 72
1543 2019-03-06 07:00:00 -14 79 -12.6 76
1544 2019-03-06 08:00:00 -14.5 80 -13.05 77
1545 2019-03-06 09:00:00 -14.8 81 -13.32 78
1546 2019-03-06 10:00:00 -15.1 82 -13.59 79
1547 2019-03-06 11:00:00 -14.8 82 -13.32 79
1548 2019-03-06 12:00:00 -14.5 82 -13.05 79
1549 2019-03-06 13:00:00 -14.8 83 -13.32 80
1550 2019-03-06 14:00:00 -12 81 -10.8 78
1551 2019-03-06 15:00:00 -9.5 76 -8.55 73
1552 2019-03-06 16:00:00 -8.1 71 -7.29 68
1553 2019-03-06 17:00:00 -6.7 68 -6.03 65
1554 2019-03-06 18:00:00 -5.4 67 -4.86 64
1555 2019-03-06 19:00:00 -4 66 -3.6 63
1556 2019-03-06 20:00:00 -2.9 64 -2.61 61
1557 2019-03-06 21:00:00 -2.3 65 -2.07 62
1558 2019-03-06 22:00:00 -2 64 -1.8 61
1559 2019-03-06 23:00:00 -2.1 64 -1.89 61
1560 2019-03-07 00:00:00 -2.3 66 -2.07 63
1561 2019-03-07 01:00:00 -2.6 70 -2.34 67
1562 2019-03-07 02:00:00 -2.7 73 -2.43 70
1563 2019-03-07 03:00:00 -3 72 -2.7 69
1564 2019-03-07 04:00:00 -3.9 79 -3.51 76
1565 2019-03-07 05:00:00 -5.2 83 -4.68 80
1566 2019-03-07 06:00:00 -9999 -9999 -8999.1 -10002
1567 2019-03-07 07:00:00 -5.3 84 -4.77 81
1568 2019-03-07 08:00:00 -6.1 85 -5.49 82
1569 2019-03-07 09:00:00 -5.5 86 -4.95 83
1570 2019-03-07 10:00:00 -4.7 83 -4.23 80
1571 2019-03-07 11:00:00 -4.7 84 -4.23 81
1572 2019-03-07 12:00:00 -4.9 78 -4.41 75
1573 2019-03-07 13:00:00 -5.6 78 -5.04 75
1574 2019-03-07 14:00:00 -5.2 75 -4.68 72
1575 2019-03-07 15:00:00 -4.8 70 -4.32 67
1576 2019-03-07 16:00:00 -3.7 68 -3.33 65
1577 2019-03-07 17:00:00 -2.5 63 -2.25 60
1578 2019-03-07 18:00:00 -1.9 61 -1.71 58
1579 2019-03-07 19:00:00 -2.2 71 -1.98 68
1580 2019-03-07 20:00:00 -2.7 86 -2.43 83
1581 2019-03-07 21:00:00 -2.8 89 -2.52 86
1582 2019-03-07 22:00:00 -2.6 92 -2.34 89
1583 2019-03-07 23:00:00 -2.5 93 -2.25 90
1584 2019-03-08 00:00:00 -2.6 94 -2.34 91
1585 2019-03-08 01:00:00 -2.6 95 -2.34 92
1586 2019-03-08 02:00:00 -2.6 95 -2.34 92
1587 2019-03-08 03:00:00 -2.4 95 -2.16 92
1588 2019-03-08 04:00:00 -2.3 95 -2.07 92
1589 2019-03-08 05:00:00 -2.4 95 -2.16 92
1590 2019-03-08 06:00:00 -2.3 95 -2.07 92
1591 2019-03-08 07:00:00 -2.1 95 -1.89 92
1592 2019-03-08 08:00:00 -2 95 -1.8 92
1593 2019-03-08 09:00:00 -1.9 95 -1.71 92
1594 2019-03-08 10:00:00 -1.8 95 -1.62 92
1595 2019-03-08 11:00:00 -1.7 94 -1.53 91
1596 2019-03-08 12:00:00 -1.5 94 -1.35 91
1597 2019-03-08 13:00:00 -1.4 94 -1.26 91
1598 2019-03-08 14:00:00 -1.1 93 -0.99 90
1599 2019-03-08 15:00:00 -0.7 93 -0.63 90
1600 2019-03-08 16:00:00 -0.1 92 -0.09 89
1601 2019-03-08 17:00:00 0.9 91 0.81 88
1602 2019-03-08 18:00:00 2.2 90 1.98 87
1603 2019-03-08 19:00:00 3 86 2.7 83
1604 2019-03-08 20:00:00 3.6 81 3.24 78
1605 2019-03-08 21:00:00 3.8 79 3.42 76
1606 2019-03-08 22:00:00 3.8 80 3.42 77
1607 2019-03-08 23:00:00 3.6 81 3.24 78
1608 2019-03-09 00:00:00 2.8 84 2.52 81
1609 2019-03-09 01:00:00 2.3 86 2.07 83
1610 2019-03-09 02:00:00 1.8 88 1.62 85
1611 2019-03-09 03:00:00 1.8 88 1.62 85
1612 2019-03-09 04:00:00 1.5 90 1.35 87
1613 2019-03-09 05:00:00 1.5 90 1.35 87
1614 2019-03-09 06:00:00 1.4 90 1.26 87
1615 2019-03-09 07:00:00 1.3 91 1.17 88
1616 2019-03-09 08:00:00 1.3 91 1.17 88
1617 2019-03-09 09:00:00 1.3 91 1.17 88
1618 2019-03-09 10:00:00 1.2 92 1.08 89
1619 2019-03-09 11:00:00 1 93 0.9 90
1620 2019-03-09 12:00:00 0.8 94 0.72 91
1621 2019-03-09 13:00:00 0.8 95 0.72 92
1622 2019-03-09 14:00:00 1 96 0.9 93
1623 2019-03-09 15:00:00 1.4 96 1.26 93
1624 2019-03-09 16:00:00 1.9 96 1.71 93
1625 2019-03-09 17:00:00 2.1 97 1.89 94
1626 2019-03-09 18:00:00 2.5 98 2.25 95
1627 2019-03-09 19:00:00 3.1 98 2.79 95
1628 2019-03-09 20:00:00 3.6 98 3.24 95
1629 2019-03-09 21:00:00 4.7 98 4.23 95
1630 2019-03-09 22:00:00 6 98 5.4 95
1631 2019-03-09 23:00:00 6.2 98 5.58 95
1632 2019-03-10 00:00:00 7.8 97 7.02 94
1633 2019-03-10 01:00:00 8.2 95 7.38 92
1634 2019-03-10 02:00:00 8.2 90 7.38 87
1635 2019-03-10 03:00:00 8.6 85 7.74 82
1636 2019-03-10 04:00:00 9.4 86 8.46 83
1637 2019-03-10 05:00:00 6.3 90 5.67 87
1638 2019-03-10 06:00:00 4.7 87 4.23 84
1639 2019-03-10 07:00:00 3.7 85 3.33 82
1640 2019-03-10 08:00:00 3.3 83 2.97 80
1641 2019-03-10 09:00:00 2.7 81 2.43 78
1642 2019-03-10 10:00:00 2.1 82 1.89 79
1643 2019-03-10 11:00:00 1.7 83 1.53 80
1644 2019-03-10 12:00:00 1.3 86 1.17 83
1645 2019-03-10 13:00:00 1.2 84 1.08 81
1646 2019-03-10 14:00:00 1.2 84 1.08 81
1647 2019-03-10 15:00:00 1.6 83 1.44 80
1648 2019-03-10 16:00:00 2.2 81 1.98 78
1649 2019-03-10 17:00:00 2.4 80 2.16 77
1650 2019-03-10 18:00:00 3.6 79 3.24 76
1651 2019-03-10 19:00:00 4.6 76 4.14 73
1652 2019-03-10 20:00:00 5 76 4.5 73
1653 2019-03-10 21:00:00 5.2 75 4.68 72
1654 2019-03-10 22:00:00 5.4 75 4.86 72
1655 2019-03-10 23:00:00 5.4 76 4.86 73
1656 2019-03-11 00:00:00 4.2 79 3.78 76
1657 2019-03-11 01:00:00 2.3 83 2.07 80
1658 2019-03-11 02:00:00 1.8 84 1.62 81
1659 2019-03-11 03:00:00 1.3 84 1.17 81
1660 2019-03-11 04:00:00 0.8 83 0.72 80
1661 2019-03-11 05:00:00 0 83 0 80
1662 2019-03-11 06:00:00 -0.2 83 -0.18 80
1663 2019-03-11 07:00:00 -0.5 83 -0.45 80
1664 2019-03-11 08:00:00 -0.4 83 -0.36 80
1665 2019-03-11 09:00:00 -0.7 83 -0.63 80
1666 2019-03-11 10:00:00 -0.9 85 -0.81 82
1667 2019-03-11 11:00:00 -1 86 -0.9 83
1668 2019-03-11 12:00:00 -1.1 86 -0.99 83
1669 2019-03-11 13:00:00 -1.2 87 -1.08 84
1670 2019-03-11 14:00:00 -0.3 85 -0.27 82
1671 2019-03-11 15:00:00 0.5 78 0.45 75
1672 2019-03-11 16:00:00 1.5 74 1.35 71
1673 2019-03-11 17:00:00 3.3 64 2.97 61
1674 2019-03-11 18:00:00 4.6 60 4.14 57
1675 2019-03-11 19:00:00 5.7 56 5.13 53
1676 2019-03-11 20:00:00 6.6 52 5.94 49
1677 2019-03-11 21:00:00 7.3 53 6.57 50
1678 2019-03-11 22:00:00 7.2 55 6.48 52
1679 2019-03-11 23:00:00 6.7 55 6.03 52
1680 2019-03-12 00:00:00 4.9 66 4.41 63
1681 2019-03-12 01:00:00 2.5 81 2.25 78
1682 2019-03-12 02:00:00 1.4 85 1.26 82
1683 2019-03-12 03:00:00 0.7 82 0.63 79
1684 2019-03-12 04:00:00 0.1 82 0.09 79
1685 2019-03-12 05:00:00 -1 91 -0.9 88
1686 2019-03-12 06:00:00 -1.2 93 -1.08 90
1687 2019-03-12 07:00:00 -1.7 94 -1.53 91
1688 2019-03-12 08:00:00 -2.1 93 -1.89 90
1689 2019-03-12 09:00:00 -2 94 -1.8 91
1690 2019-03-12 10:00:00 -2.5 94 -2.25 91
1691 2019-03-12 11:00:00 -2.5 94 -2.25 91
1692 2019-03-12 12:00:00 -2.5 94 -2.25 91
1693 2019-03-12 13:00:00 -2.1 94 -1.89 91
1694 2019-03-12 14:00:00 -0.5 94 -0.45 91
1695 2019-03-12 15:00:00 1.8 91 1.62 88
1696 2019-03-12 16:00:00 3.6 82 3.24 79
1697 2019-03-12 17:00:00 5.4 70 4.86 67
1698 2019-03-12 18:00:00 6.7 65 6.03 62
1699 2019-03-12 19:00:00 7.9 62 7.11 59
1700 2019-03-12 20:00:00 8.4 59 7.56 56
1701 2019-03-12 21:00:00 8.3 61 7.47 58
1702 2019-03-12 22:00:00 8.6 62 7.74 59
1703 2019-03-12 23:00:00 7.8 66 7.02 63
1704 2019-03-13 00:00:00 6.7 73 6.03 70
1705 2019-03-13 01:00:00 5.7 79 5.13 76
1706 2019-03-13 02:00:00 5.2 78 4.68 75
1707 2019-03-13 03:00:00 5.2 76 4.68 73
1708 2019-03-13 04:00:00 5.3 74 4.77 71
1709 2019-03-13 05:00:00 4.9 75 4.41 72
1710 2019-03-13 06:00:00 5 77 4.5 74
1711 2019-03-13 07:00:00 5.2 74 4.68 71
1712 2019-03-13 08:00:00 5.4 75 4.86 72
1713 2019-03-13 09:00:00 5.2 80 4.68 77
1714 2019-03-13 10:00:00 4.6 88 4.14 85
1715 2019-03-13 11:00:00 4.5 92 4.05 89
1716 2019-03-13 12:00:00 4.7 92 4.23 89
1717 2019-03-13 13:00:00 4.8 92 4.32 89
1718 2019-03-13 14:00:00 5.3 94 4.77 91
1719 2019-03-13 15:00:00 8.2 86 7.38 83
1720 2019-03-13 16:00:00 11.6 75 10.44 72
1721 2019-03-13 17:00:00 13.4 71 12.06 68
1722 2019-03-13 18:00:00 14 71 12.6 68
1723 2019-03-13 19:00:00 14.3 73 12.87 70
1724 2019-03-13 20:00:00 14.8 73 13.32 70
1725 2019-03-13 21:00:00 14.7 74 13.23 71
1726 2019-03-13 22:00:00 15.5 72 13.95 69
1727 2019-03-13 23:00:00 15.4 72 13.86 69
1728 2019-03-14 00:00:00 14.6 75 13.14 72
1729 2019-03-14 01:00:00 14.5 74 13.05 71
1730 2019-03-14 02:00:00 14.5 72 13.05 69
1731 2019-03-14 03:00:00 13.9 74 12.51 71
1732 2019-03-14 04:00:00 12.4 87 11.16 84
1733 2019-03-14 05:00:00 12.4 95 11.16 92
1734 2019-03-14 06:00:00 12.6 96 11.34 93
1735 2019-03-14 07:00:00 12.5 95 11.25 92
1736 2019-03-14 08:00:00 12.8 97 11.52 94
1737 2019-03-14 09:00:00 13.1 97 11.79 94
1738 2019-03-14 10:00:00 13.9 96 12.51 93
1739 2019-03-14 11:00:00 14 96 12.6 93
1740 2019-03-14 12:00:00 13.1 96 11.79 93
1741 2019-03-14 13:00:00 13 93 11.7 90
1742 2019-03-14 14:00:00 13.5 93 12.15 90
1743 2019-03-14 15:00:00 14 94 12.6 91
1744 2019-03-14 16:00:00 15.7 92 14.13 89
1745 2019-03-14 17:00:00 18.2 85 16.38 82
1746 2019-03-14 18:00:00 19.4 70 17.46 67
1747 2019-03-14 19:00:00 19 64 17.1 61
1748 2019-03-14 20:00:00 15.9 66 14.31 63
1749 2019-03-14 21:00:00 13.6 61 12.24 58
1750 2019-03-14 22:00:00 11.7 63 10.53 60
1751 2019-03-14 23:00:00 10.2 66 9.18 63
1752 2019-03-15 00:00:00 8.6 68 7.74 65
1753 2019-03-15 01:00:00 8 70 7.2 67
1754 2019-03-15 02:00:00 7.5 71 6.75 68
1755 2019-03-15 03:00:00 6.8 74 6.12 71
1756 2019-03-15 04:00:00 6.3 75 5.67 72
1757 2019-03-15 05:00:00 5.9 76 5.31 73
1758 2019-03-15 06:00:00 5.4 79 4.86 76
1759 2019-03-15 07:00:00 4.9 82 4.41 79
1760 2019-03-15 08:00:00 4.6 82 4.14 79
1761 2019-03-15 09:00:00 4.1 84 3.69 81
1762 2019-03-15 10:00:00 3.6 86 3.24 83
1763 2019-03-15 11:00:00 3.4 87 3.06 84
1764 2019-03-15 12:00:00 2.6 89 2.34 86
1765 2019-03-15 13:00:00 1.7 91 1.53 88
1766 2019-03-15 14:00:00 1.5 93 1.35 90
1767 2019-03-15 15:00:00 1.4 93 1.26 90
1768 2019-03-15 16:00:00 1.7 88 1.53 85
1769 2019-03-15 17:00:00 2 83 1.8 80
1770 2019-03-15 18:00:00 1.6 83 1.44 80
1771 2019-03-15 19:00:00 1.8 82 1.62 79
1772 2019-03-15 20:00:00 2.4 79 2.16 76
1773 2019-03-15 21:00:00 3.8 75 3.42 72
1774 2019-03-15 22:00:00 5.6 67 5.04 64
1775 2019-03-15 23:00:00 6 60 5.4 57
1776 2019-03-16 00:00:00 4.6 60 4.14 57
1777 2019-03-16 01:00:00 3.1 64 2.79 61
1778 2019-03-16 02:00:00 1.9 69 1.71 66
1779 2019-03-16 03:00:00 0.8 77 0.72 74
1780 2019-03-16 04:00:00 0.7 80 0.63 77
1781 2019-03-16 05:00:00 0.1 82 0.09 79
1782 2019-03-16 06:00:00 0 83 0 80
1783 2019-03-16 07:00:00 -0.1 85 -0.09 82
1784 2019-03-16 08:00:00 -0.6 83 -0.54 80
1785 2019-03-16 09:00:00 -1.2 84 -1.08 81
1786 2019-03-16 10:00:00 -1.6 86 -1.44 83
1787 2019-03-16 11:00:00 -1.8 87 -1.62 84
1788 2019-03-16 12:00:00 -1.9 87 -1.71 84
1789 2019-03-16 13:00:00 -1.9 87 -1.71 84
1790 2019-03-16 14:00:00 -0.7 84 -0.63 81
1791 2019-03-16 15:00:00 0.6 76 0.54 73
1792 2019-03-16 16:00:00 2 67 1.8 64
1793 2019-03-16 17:00:00 3.1 64 2.79 61
1794 2019-03-16 18:00:00 4.2 62 3.78 59
1795 2019-03-16 19:00:00 5.8 56 5.22 53
1796 2019-03-16 20:00:00 6.7 53 6.03 50
1797 2019-03-16 21:00:00 7.2 51 6.48 48
1798 2019-03-16 22:00:00 7.4 49 6.66 46
1799 2019-03-16 23:00:00 6.9 49 6.21 46
1800 2019-03-17 00:00:00 5.2 57 4.68 54
1801 2019-03-17 01:00:00 2.2 73 1.98 70
1802 2019-03-17 02:00:00 1.7 73 1.53 70
1803 2019-03-17 03:00:00 1.4 73 1.26 70
1804 2019-03-17 04:00:00 1.3 68 1.17 65
1805 2019-03-17 05:00:00 -0.5 85 -0.45 82
1806 2019-03-17 06:00:00 0.6 82 0.54 79
1807 2019-03-17 07:00:00 1.3 83 1.17 80
1808 2019-03-17 08:00:00 1.3 85 1.17 82
1809 2019-03-17 09:00:00 1.1 86 0.99 83
1810 2019-03-17 10:00:00 -0.6 90 -0.54 87
1811 2019-03-17 11:00:00 -0.1 91 -0.09 88
1812 2019-03-17 12:00:00 0.3 91 0.27 88
1813 2019-03-17 13:00:00 0 91 0 88
1814 2019-03-17 14:00:00 1.8 89 1.62 86
1815 2019-03-17 15:00:00 3.7 83 3.33 80
1816 2019-03-17 16:00:00 4.2 80 3.78 77
1817 2019-03-17 17:00:00 4.8 77 4.32 74
1818 2019-03-17 18:00:00 5.1 74 4.59 71
1819 2019-03-17 19:00:00 5.9 65 5.31 62
1820 2019-03-17 20:00:00 6.9 54 6.21 51
1821 2019-03-17 21:00:00 6.8 50 6.12 47
1822 2019-03-17 22:00:00 7.3 42 6.57 39
1823 2019-03-17 23:00:00 6.4 42 5.76 39
1824 2019-03-18 00:00:00 4.6 49 4.14 46
1825 2019-03-18 01:00:00 0.8 65 0.72 62
1826 2019-03-18 02:00:00 -0.9 78 -0.81 75
1827 2019-03-18 03:00:00 -1.2 82 -1.08 79
1828 2019-03-18 04:00:00 -1.2 82 -1.08 79
1829 2019-03-18 05:00:00 -1.9 83 -1.71 80
1830 2019-03-18 06:00:00 -2.8 89 -2.52 86
1831 2019-03-18 07:00:00 -2.9 90 -2.61 87
1832 2019-03-18 08:00:00 -3 93 -2.7 90
1833 2019-03-18 09:00:00 -3.5 93 -3.15 90
1834 2019-03-18 10:00:00 -3.3 93 -2.97 90
1835 2019-03-18 11:00:00 -1.9 94 -1.71 91
1836 2019-03-18 12:00:00 -2.1 93 -1.89 90
1837 2019-03-18 13:00:00 -3.2 94 -2.88 91
1838 2019-03-18 14:00:00 -0.7 93 -0.63 90
1839 2019-03-18 15:00:00 1.2 85 1.08 82
1840 2019-03-18 16:00:00 3.1 70 2.79 67
1841 2019-03-18 17:00:00 4.5 62 4.05 59
1842 2019-03-18 18:00:00 5.7 58 5.13 55
1843 2019-03-18 19:00:00 6.6 54 5.94 51
1844 2019-03-18 20:00:00 6.9 53 6.21 50
1845 2019-03-18 21:00:00 7.3 51 6.57 48
1846 2019-03-18 22:00:00 7.1 50 6.39 47
1847 2019-03-18 23:00:00 6.9 50 6.21 47
1848 2019-03-19 00:00:00 5.3 57 4.77 54
1849 2019-03-19 01:00:00 2.3 70 2.07 67
1850 2019-03-19 02:00:00 2 74 1.8 71
1851 2019-03-19 03:00:00 1.3 76 1.17 73
1852 2019-03-19 04:00:00 -0.1 80 -0.09 77
1853 2019-03-19 05:00:00 -1.2 87 -1.08 84
1854 2019-03-19 06:00:00 -1.5 89 -1.35 86
1855 2019-03-19 07:00:00 -1.2 91 -1.08 88
1856 2019-03-19 08:00:00 -1.3 87 -1.17 84
1857 2019-03-19 09:00:00 -2 89 -1.8 86
1858 2019-03-19 10:00:00 -2.1 90 -1.89 87
1859 2019-03-19 11:00:00 -2.3 89 -2.07 86
1860 2019-03-19 12:00:00 -2.6 91 -2.34 88
1861 2019-03-19 13:00:00 -2.3 91 -2.07 88
1862 2019-03-19 14:00:00 0.7 87 0.63 84
1863 2019-03-19 15:00:00 3 80 2.7 77
1864 2019-03-19 16:00:00 6.2 63 5.58 60
1865 2019-03-19 17:00:00 8.2 48 7.38 45
1866 2019-03-19 18:00:00 9 44 8.1 41
1867 2019-03-19 19:00:00 9.7 41 8.73 38
1868 2019-03-19 20:00:00 10.3 40 9.27 37
1869 2019-03-19 21:00:00 10.9 40 9.81 37
1870 2019-03-19 22:00:00 10.6 41 9.54 38
1871 2019-03-19 23:00:00 10.6 41 9.54 38
1872 2019-03-20 00:00:00 8.5 52 7.65 49
1873 2019-03-20 01:00:00 5.4 66 4.86 63
1874 2019-03-20 02:00:00 3.5 74 3.15 71
